Clean_Data/Bathy/cascobay_gebco.asc
ncols        219
nrows        196
xllcorner    -70.429166666667
yllcorner    43.195833333333
cellsize     0.004166666667
NODATA_value -32767
[rows 126 to 167 of 196, columns 96 to 191 of 219]
-111 -111 -110 -110 -110 -109 -109 -104 -97 -110 -107 -103 -101 -102 -102 -101 -107 -109 -111 -116 -117 -117 -117 -117 -118 -121 -125 -122 -119 -119 -123 -125 -123 -122 -120 -120 -119 -119 -118 -120 -120 -116 -116 -117 -117 -115 -115 -117 -119 -120 -128 -129 -122 -123 -125 -129 -133 -132 -128 -126 -122 -119 -121 -122 -124 -129 -131 -130 -127 -120 -117 -119 -122 -122 -130 -134 -129 -123 -121 -117 -114 -112 -108 -105 -104 -104 -96 -92 -91 -93 -102 -107 -107 -107 -108 -120
-112 -112 -112 -111 -110 -106 -102 -99 -103 -110 -109 -107 -106 -106 -109 -114 -122 -121 -115 -116 -117 -118 -118 -118 -117 -121 -129 -127 -125 -125 -127 -127 -125 -123 -123 -122 -121 -120 -119 -120 -121 -120 -120 -121 -120 -118 -117 -119 -126 -131 -134 -129 -122 -126 -127 -129 -132 -131 -127 -127 -124 -121 -123 -125 -128 -132 -135 -137 -132 -124 -121 -124 -127 -129 -128 -126 -124 -122 -121 -119 -116 -109 -105 -104 -102 -99 -93 -94 -93 -96 -107 -113 -114 -114 -114 -123
-113 -113 -113 -112 -109 -102 -97 -98 -105 -107 -106 -111 -114 -115 -117 -120 -122 -120 -117 -115 -115 -117 -119 -121 -121 -124 -131 -131 -128 -128 -129 -128 -127 -126 -125 -124 -122 -121 -119 -120 -122 -123 -123 -123 -123 -122 -122 -124 -133 -140 -138 -129 -125 -128 -128 -131 -134 -133 -130 -129 -126 -124 -125 -127 -128 -130 -137 -143 -138 -132 -130 -130 -132 -131 -125 -121 -120 -119 -118 -118 -116 -110 -103 -102 -101 -98 -95 -94 -94 -100 -112 -117 -119 -123 -125 -129
-114 -114 -114 -112 -106 -102 -102 -106 -106 -103 -106 -113 -117 -118 -119 -121 -124 -124 -121 -115 -119 -122 -123 -122 -123 -126 -129 -130 -131 -132 -131 -130 -130 -130 -129 -126 -123 -123 -121 -119 -122 -123 -124 -124 -125 -125 -127 -129 -138 -146 -141 -131 -127 -128 -128 -131 -135 -134 -133 -132 -130 -128 -127 -127 -128 -130 -138 -143 -140 -136 -133 -132 -132 -129 -124 -121 -119 -116 -115 -114 -112 -107 -103 -102 -99 -98 -96 -94 -93 -101 -115 -121 -124 -129 -133 -136
-114 -112 -113 -111 -107 -106 -108 -109 -105 -102 -107 -114 -117 -118 -119 -121 -123 -125 -126 -126 -129 -126 -122 -121 -122 -124 -125 -126 -132 -135 -133 -131 -132 -133 -132 -128 -125 -125 -125 -122 -125 -127 -125 -126 -126 -127 -129 -134 -145 -153 -145 -131 -126 -127 -130 -134 -135 -135 -136 -136 -133 -131 -132 -132 -133 -133 -138 -139 -136 -131 -129 -129 -128 -126 -124 -123 -120 -115 -113 -111 -109 -108 -106 -103 -100 -99 -97 -93 -93 -101 -116 -123 -127 -132 -135 -138
-111 -109 -108 -108 -108 -109 -110 -110 -105 -94 -91 -100 -107 -111 -117 -119 -118 -114 -111 -127 -131 -127 -124 -121 -120 -123 -131 -138 -137 -136 -135 -133 -132 -133 -132 -130 -127 -126 -127 -125 -127 -127 -127 -127 -128 -129 -131 -138 -147 -153 -136 -122 -121 -127 -132 -137 -137 -136 -138 -139 -136 -133 -134 -136 -135 -133 -132 -135 -132 -127 -126 -125 -124 -122 -124 -125 -123 -116 -113 -110 -108 -107 -106 -105 -102 -101 -98 -93 -94 -105 -119 -126 -130 -134 -137 -138
-103 -104 -110 -111 -114 -115 -114 -114 -107 -92 -82 -88 -94 -105 -115 -116 -116 -116 -121 -131 -136 -134 -131 -127 -129 -139 -139 -138 -139 -139 -137 -136 -135 -134 -133 -129 -128 -126 -125 -125 -127 -127 -128 -130 -131 -132 -134 -139 -142 -146 -133 -115 -118 -127 -135 -138 -138 -139 -141 -141 -139 -137 -137 -137 -134 -131 -130 -132 -132 -127 -125 -124 -122 -123 -126 -128 -125 -119 -114 -109 -106 -105 -104 -104 -101 -100 -97 -93 -96 -110 -125 -130 -133 -137 -140 -140
-105 -109 -116 -118 -114 -113 -114 -113 -110 -99 -88 -90 -94 -104 -116 -115 -117 -121 -124 -131 -137 -138 -137 -137 -138 -139 -139 -140 -140 -141 -143 -143 -140 -137 -135 -131 -129 -128 -126 -127 -126 -127 -130 -132 -133 -137 -140 -140 -140 -144 -139 -130 -135 -134 -136 -140 -139 -139 -139 -139 -139 -139 -138 -136 -135 -134 -130 -131 -132 -129 -122 -118 -118 -122 -126 -126 -125 -121 -115 -108 -105 -104 -102 -101 -99 -97 -94 -91 -100 -115 -127 -132 -135 -141 -143 -142
-109 -112 -113 -116 -111 -108 -112 -112 -111 -103 -95 -98 -103 -109 -117 -118 -116 -116 -122 -131 -135 -139 -140 -141 -142 -141 -141 -142 -142 -142 -143 -143 -143 -140 -135 -133 -132 -130 -129 -128 -129 -131 -132 -132 -134 -140 -143 -144 -144 -149 -143 -139 -139 -138 -139 -139 -138 -136 -135 -136 -139 -137 -135 -134 -134 -132 -130 -129 -126 -121 -114 -110 -110 -111 -117 -120 -120 -119 -115 -109 -106 -104 -101 -99 -97 -95 -92 -91 -103 -119 -130 -133 -136 -140 -143 -142
-102 -104 -106 -110 -111 -110 -112 -112 -112 -110 -108 -110 -112 -113 -116 -119 -118 -116 -123 -134 -138 -142 -144 -146 -148 -145 -144 -145 -145 -145 -145 -143 -142 -143 -133 -133 -134 -133 -132 -131 -132 -133 -133 -133 -137 -140 -141 -142 -143 -156 -142 -139 -139 -137 -137 -136 -136 -134 -134 -141 -133 -133 -133 -134 -133 -132 -128 -126 -121 -114 -110 -109 -104 -101 -102 -105 -107 -111 -114 -110 -106 -104 -101 -99 -96 -95 -93 -95 -108 -123 -132 -135 -137 -140 -144 -143
-102 -104 -106 -110 -111 -111 -112 -113 -116 -118 -118 -118 -117 -117 -118 -120 -123 -125 -130 -137 -139 -142 -143 -145 -147 -147 -147 -148 -149 -148 -146 -142 -140 -139 -135 -133 -133 -134 -135 -135 -134 -134 -135 -137 -140 -140 -140 -141 -142 -139 -131 -135 -136 -135 -134 -134 -134 -134 -135 -134 -134 -133 -133 -133 -132 -132 -130 -127 -122 -116 -113 -110 -103 -98 -95 -93 -95 -100 -107 -109 -107 -105 -100 -98 -96 -95 -94 -99 -113 -128 -137 -139 -141 -142 -144 -144
-103 -105 -107 -108 -109 -112 -113 -115 -119 -120 -118 -117 -117 -117 -118 -123 -130 -133 -133 -135 -137 -140 -141 -144 -147 -149 -150 -150 -149 -146 -144 -141 -140 -139 -138 -137 -137 -138 -140 -138 -137 -138 -138 -139 -140 -140 -144 -151 -141 -137 -134 -134 -134 -135 -136 -137 -135 -136 -136 -136 -135 -132 -131 -129 -130 -130 -131 -129 -123 -119 -117 -113 -107 -101 -95 -92 -91 -92 -98 -103 -104 -102 -99 -99 -98 -97 -98 -105 -119 -134 -141 -143 -144 -142 -143 -144
-105 -107 -107 -106 -109 -112 -112 -116 -120 -121 -120 -120 -120 -120 -121 -126 -133 -134 -133 -135 -138 -140 -142 -145 -147 -149 -150 -152 -151 -144 -144 -143 -141 -142 -142 -142 -141 -140 -140 -139 -139 -141 -141 -141 -143 -150 -153 -148 -143 -141 -139 -138 -137 -136 -133 -135 -135 -135 -137 -137 -136 -134 -127 -126 -127 -128 -130 -129 -125 -121 -119 -116 -110 -104 -98 -97 -96 -95 -96 -98 -99 -99 -99 -100 -102 -103 -106 -113 -126 -139 -146 -148 -147 -145 -145 -147
-110 -111 -110 -111 -114 -114 -113 -117 -122 -125 -127 -128 -128 -128 -128 -131 -133 -134 -134 -135 -139 -141 -143 -145 -146 -147 -147 -156 -156 -152 -146 -144 -142 -143 -143 -143 -142 -140 -139 -138 -140 -143 -144 -149 -158 -165 -161 -151 -148 -141 -139 -139 -139 -135 -133 -133 -133 -134 -136 -136 -135 -132 -129 -127 -126 -128 -129 -128 -126 -122 -120 -118 -110 -106 -104 -102 -104 -106 -104 -102 -103 -102 -102 -104 -108 -110 -113 -121 -134 -145 -150 -152 -150 -149 -151 -150
-114 -114 -115 -118 -119 -119 -119 -122 -126 -129 -132 -132 -131 -131 -132 -133 -134 -135 -135 -137 -140 -143 -145 -147 -152 -160 -160 -161 -163 -155 -151 -147 -144 -143 -143 -141 -140 -139 -138 -138 -141 -147 -152 -163 -170 -167 -157 -150 -146 -138 -138 -136 -134 -131 -132 -132 -132 -132 -132 -134 -134 -133 -132 -125 -120 -123 -127 -127 -126 -124 -120 -119 -118 -111 -110 -110 -112 -116 -117 -113 -112 -111 -110 -111 -114 -117 -120 -128 -142 -151 -151 -152 -151 -152 -155 -154
-117 -118 -119 -122 -125 -126 -127 -130 -132 -133 -136 -136 -135 -135 -135 -135 -136 -137 -137 -139 -142 -146 -148 -152 -157 -159 -159 -158 -159 -155 -150 -148 -145 -144 -142 -142 -140 -140 -139 -142 -146 -151 -161 -168 -166 -158 -148 -144 -141 -138 -136 -133 -132 -129 -127 -127 -130 -132 -132 -132 -132 -132 -131 -130 -124 -124 -124 -126 -126 -126 -125 -121 -118 -116 -119 -122 -123 -125 -127 -124 -121 -121 -120 -120 -119 -127 -132 -138 -150 -155 -152 -151 -150 -153 -155 -157
-119 -120 -122 -126 -129 -133 -135 -135 -135 -137 -140 -142 -140 -139 -138 -137 -139 -140 -141 -143 -146 -149 -151 -154 -157 -158 -158 -158 -155 -150 -147 -146 -144 -144 -153 -141 -141 -141 -145 -151 -151 -154 -161 -165 -159 -149 -144 -142 -141 -138 -136 -132 -131 -128 -125 -125 -127 -132 -132 -131 -131 -130 -129 -128 -127 -126 -130 -132 -132 -128 -127 -125 -120 -117 -125 -133 -132 -130 -130 -129 -128 -128 -128 -128 -132 -141 -141 -148 -157 -157 -153 -150 -150 -152 -154 -157
-123 -124 -126 -131 -133 -134 -135 -134 -136 -139 -143 -146 -145 -144 -141 -139 -141 -142 -144 -147 -149 -151 -153 -154 -155 -157 -159 -159 -157 -155 -152 -147 -144 -145 -146 -141 -139 -143 -148 -151 -152 -154 -160 -162 -155 -147 -145 -143 -140 -138 -136 -132 -129 -127 -126 -125 -123 -122 -126 -130 -131 -130 -129 -128 -128 -130 -134 -132 -130 -129 -128 -128 -123 -117 -131 -137 -135 -133 -132 -132 -131 -131 -131 -133 -139 -143 -145 -153 -160 -158 -153 -151 -150 -152 -154 -158
-127 -128 -131 -136 -135 -133 -134 -134 -136 -140 -145 -148 -148 -147 -143 -141 -144 -147 -148 -150 -151 -152 -152 -154 -156 -158 -159 -159 -158 -158 -156 -153 -151 -152 -152 -145 -140 -147 -151 -152 -152 -155 -161 -157 -152 -148 -146 -143 -138 -135 -133 -130 -129 -126 -123 -122 -122 -122 -127 -132 -135 -133 -130 -130 -131 -132 -133 -132 -131 -131 -130 -130 -130 -130 -138 -139 -138 -135 -134 -133 -132 -132 -133 -136 -143 -146 -148 -156 -161 -159 -155 -153 -153 -151 -155 -156
-130 -131 -134 -139 -138 -135 -137 -138 -139 -142 -145 -147 -147 -147 -146 -144 -147 -149 -149 -150 -152 -153 -154 -155 -157 -159 -160 -158 -156 -157 -158 -158 -158 -159 -157 -150 -146 -150 -153 -153 -157 -162 -158 -154 -152 -150 -147 -142 -135 -133 -131 -127 -126 -124 -122 -122 -122 -127 -135 -139 -141 -138 -135 -135 -136 -136 -133 -131 -131 -132 -132 -132 -131 -134 -138 -138 -138 -137 -134 -133 -133 -133 -134 -138 -144 -145 -148 -154 -159 -159 -156 -153 -152 -152 -155 -157
-132 -133 -135 -138 -138 -136 -138 -140 -142 -144 -145 -146 -147 -147 -147 -147 -147 -148 -149 -151 -156 -157 -156 -157 -159 -163 -163 -159 -159 -158 -157 -157 -157 -156 -152 -150 -151 -154 -156 -159 -167 -169 -160 -153 -151 -149 -147 -143 -138 -129 -126 -124 -124 -125 -128 -130 -131 -139 -144 -144 -143 -142 -141 -140 -139 -140 -135 -130 -130 -131 -132 -132 -131 -136 -138 -138 -138 -136 -131 -131 -133 -134 -136 -140 -145 -146 -149 -153 -155 -158 -157 -155 -153 -153 -154 -157
-133 -133 -134 -135 -135 -135 -139 -143 -144 -146 -147 -147 -148 -148 -148 -147 -146 -148 -149 -153 -158 -160 -158 -159 -161 -166 -165 -161 -160 -157 -156 -158 -157 -155 -154 -155 -158 -159 -159 -163 -166 -164 -157 -153 -151 -149 -148 -146 -145 -128 -123 -124 -128 -132 -135 -138 -141 -144 -144 -144 -144 -144 -143 -142 -141 -142 -137 -131 -131 -130 -132 -133 -134 -137 -139 -138 -137 -133 -129 -130 -132 -134 -137 -141 -146 -149 -151 -152 -152 -157 -158 -157 -156 -153 -153 -158
-135 -135 -136 -138 -137 -139 -143 -147 -149 -151 -151 -150 -150 -149 -150 -149 -149 -151 -150 -155 -158 -160 -161 -161 -163 -166 -164 -162 -160 -159 -160 -161 -161 -160 -161 -163 -164 -161 -160 -160 -158 -153 -152 -153 -152 -150 -149 -149 -127 -121 -126 -131 -137 -140 -142 -141 -143 -145 -147 -148 -148 -148 -146 -144 -145 -147 -139 -132 -134 -140 -137 -134 -137 -135 -138 -140 -137 -131 -130 -128 -130 -136 -140 -143 -144 -147 -152 -148 -149 -154 -157 -157 -157 -162 -160 -161
-141 -141 -142 -142 -143 -146 -149 -150 -153 -156 -154 -153 -152 -152 -152 -152 -154 -156 -158 -163 -160 -160 -161 -164 -166 -165 -165 -165 -166 -165 -167 -167 -164 -162 -162 -165 -167 -166 -165 -163 -159 -153 -153 -153 -152 -151 -144 -140 -129 -130 -135 -139 -142 -142 -143 -143 -143 -145 -149 -150 -150 -151 -149 -148 -149 -148 -138 -132 -137 -142 -137 -136 -139 -137 -139 -141 -141 -135 -130 -130 -133 -138 -141 -144 -145 -149 -150 -147 -148 -152 -157 -160 -163 -163 -161 -162
-147 -147 -148 -148 -150 -153 -156 -155 -156 -157 -157 -155 -153 -154 -155 -156 -157 -158 -160 -161 -162 -163 -165 -169 -170 -168 -168 -170 -171 -171 -172 -172 -165 -161 -163 -166 -167 -168 -169 -164 -159 -157 -156 -155 -149 -144 -137 -137 -133 -136 -140 -143 -144 -144 -144 -144 -145 -145 -147 -149 -150 -155 -152 -152 -151 -149 -142 -132 -142 -146 -143 -141 -144 -142 -143 -143 -149 -147 -141 -136 -138 -140 -142 -144 -144 -148 -148 -149 -149 -149 -154 -166 -169 -166 -164 -164
-151 -153 -155 -157 -156 -157 -158 -157 -158 -159 -159 -158 -157 -158 -157 -157 -158 -158 -158 -161 -164 -164 -167 -172 -173 -173 -172 -172 -173 -175 -177 -174 -168 -163 -163 -164 -165 -167 -168 -165 -160 -159 -159 -159 -147 -143 -140 -140 -138 -141 -143 -145 -146 -146 -147 -147 -147 -148 -149 -149 -150 -156 -155 -155 -151 -149 -149 -139 -145 -149 -144 -146 -147 -148 -148 -146 -153 -152 -148 -142 -142 -143 -141 -145 -149 -149 -148 -150 -149 -147 -151 -166 -172 -170 -169 -165
-153 -157 -160 -163 -159 -158 -159 -158 -160 -161 -159 -159 -159 -159 -157 -157 -158 -157 -158 -162 -166 -168 -168 -170 -170 -169 -171 -172 -173 -177 -179 -174 -167 -165 -163 -162 -164 -166 -167 -165 -162 -160 -160 -153 -145 -145 -145 -146 -146 -149 -149 -150 -151 -151 -152 -151 -152 -151 -151 -152 -154 -157 -158 -157 -154 -154 -154 -149 -154 -156 -151 -151 -153 -155 -152 -151 -159 -156 -151 -149 -147 -148 -151 -151 -154 -151 -150 -150 -150 -146 -146 -167 -172 -174 -170 -167
-152 -162 -173 -170 -163 -162 -162 -162 -163 -162 -160 -159 -159 -159 -159 -159 -158 -159 -161 -166 -172 -173 -172 -171 -169 -168 -169 -170 -172 -175 -176 -169 -165 -165 -163 -160 -161 -163 -165 -164 -162 -159 -153 -146 -147 -149 -151 -152 -151 -152 -153 -153 -153 -152 -152 -154 -153 -153 -154 -156 -160 -161 -160 -158 -160 -158 -157 -154 -162 -158 -158 -160 -159 -155 -158 -160 -163 -156 -151 -149 -145 -149 -151 -149 -151 -152 -149 -151 -150 -161 -163 -170 -190 -172 -172 -169
-153 -172 -182 -174 -167 -167 -167 -166 -165 -165 -163 -161 -160 -161 -162 -164 -162 -162 -165 -169 -175 -176 -171 -169 -169 -168 -166 -167 -170 -174 -176 -169 -162 -162 -159 -155 -154 -155 -157 -157 -158 -156 -151 -147 -150 -154 -156 -156 -155 -155 -155 -154 -154 -154 -154 -155 -156 -155 -156 -158 -161 -166 -160 -159 -160 -158 -157 -155 -159 -159 -159 -162 -159 -157 -160 -163 -162 -158 -154 -152 -152 -154 -153 -152 -154 -152 -152 -155 -164 -168 -168 -170 -179 -176 -178 -175
-156 -158 -171 -169 -168 -172 -171 -167 -166 -165 -164 -162 -161 -162 -166 -167 -167 -167 -165 -167 -171 -170 -166 -164 -166 -165 -163 -164 -166 -168 -170 -167 -159 -157 -156 -155 -151 -148 -149 -151 -154 -155 -155 -154 -156 -159 -161 -160 -158 -151 -147 -152 -154 -156 -156 -158 -158 -160 -162 -161 -160 -163 -160 -161 -158 -157 -158 -157 -156 -158 -164 -162 -161 -159 -156 -161 -162 -171 -159 -159 -161 -164 -159 -155 -164 -166 -168 -170 -174 -169 -168 -170 -174 -180 -181 -182
-156 -159 -166 -167 -168 -172 -172 -169 -166 -164 -164 -165 -167 -166 -166 -166 -165 -165 -163 -163 -163 -161 -161 -161 -162 -162 -161 -161 -162 -161 -160 -157 -154 -155 -156 -158 -154 -150 -150 -154 -158 -160 -162 -163 -163 -163 -165 -164 -159 -152 -150 -154 -157 -162 -161 -159 -159 -163 -165 -164 -163 -162 -163 -162 -159 -159 -159 -158 -157 -160 -166 -162 -161 -162 -162 -169 -167 -173 -163 -163 -162 -163 -161 -160 -167 -167 -170 -174 -176 -168 -169 -173 -176 -180 -182 -186
-161 -161 -164 -168 -168 -169 -169 -167 -164 -163 -164 -170 -172 -169 -165 -164 -164 -165 -163 -161 -159 -158 -158 -158 -159 -159 -159 -159 -160 -159 -156 -154 -154 -155 -157 -160 -160 -161 -161 -162 -165 -167 -167 -167 -167 -167 -168 -167 -163 -157 -157 -155 -157 -163 -162 -161 -161 -163 -162 -164 -164 -163 -163 -161 -161 -161 -159 -159 -159 -158 -160 -158 -156 -157 -163 -173 -169 -164 -160 -159 -159 -164 -165 -165 -164 -165 -167 -167 -165 -169 -176 -179 -180 -182 -183 -184
-163 -163 -164 -176 -174 -170 -169 -168 -169 -171 -174 -178 -168 -166 -163 -162 -162 -162 -162 -159 -157 -155 -155 -156 -156 -155 -153 -152 -155 -156 -154 -153 -154 -155 -157 -164 -169 -171 -171 -168 -169 -171 -170 -170 -170 -170 -169 -167 -165 -159 -159 -153 -155 -160 -161 -161 -163 -165 -165 -164 -164 -165 -166 -165 -167 -167 -166 -164 -162 -164 -163 -161 -159 -162 -166 -168 -173 -166 -159 -161 -160 -163 -165 -164 -162 -162 -163 -166 -167 -175 -186 -187 -185 -180 -178 -172
-166 -169 -173 -180 -182 -175 -171 -171 -174 -176 -175 -168 -163 -162 -161 -160 -158 -157 -157 -156 -154 -154 -152 -151 -151 -151 -147 -144 -145 -148 -149 -149 -151 -153 -157 -166 -173 -176 -176 -173 -170 -171 -172 -174 -174 -171 -168 -166 -165 -162 -161 -158 -160 -163 -163 -164 -164 -165 -166 -166 -166 -166 -169 -168 -168 -166 -158 -164 -166 -165 -173 -166 -161 -157 -160 -160 -176 -166 -160 -162 -160 -166 -167 -166 -165 -164 -160 -181 -183 -185 -189 -183 -180 -177 -172 -166
-183 -177 -173 -172 -178 -175 -171 -170 -168 -170 -168 -165 -163 -162 -160 -159 -156 -155 -154 -152 -151 -151 -149 -147 -148 -149 -145 -139 -138 -140 -144 -145 -149 -153 -159 -169 -175 -178 -179 -179 -180 -172 -174 -177 -176 -172 -169 -168 -166 -163 -165 -169 -167 -166 -165 -169 -175 -168 -169 -166 -166 -167 -168 -171 -172 -162 -164 -169 -169 -172 -173 -169 -161 -160 -165 -168 -168 -166 -162 -160 -159 -167 -164 -164 -167 -170 -180 -193 -194 -195 -183 -174 -170 -167 -166 -165
-179 -175 -170 -167 -167 -169 -168 -167 -166 -167 -165 -164 -165 -164 -161 -158 -155 -154 -153 -150 -148 -148 -147 -146 -144 -143 -141 -136 -136 -137 -141 -146 -152 -156 -163 -172 -175 -177 -179 -181 -180 -176 -176 -178 -176 -172 -170 -169 -168 -164 -164 -169 -171 -169 -168 -168 -168 -169 -166 -167 -168 -169 -169 -178 -170 -174 -182 -183 -176 -170 -169 -175 -178 -178 -176 -174 -170 -170 -169 -164 -166 -171 -171 -179 -183 -184 -189 -194 -187 -178 -178 -176 -170 -171 -170 -168
-177 -170 -166 -166 -167 -168 -164 -163 -163 -165 -165 -166 -168 -167 -164 -158 -153 -150 -148 -144 -143 -143 -142 -143 -141 -141 -138 -137 -137 -140 -145 -151 -156 -159 -166 -173 -174 -177 -180 -182 -181 -178 -177 -179 -176 -173 -172 -170 -171 -170 -171 -170 -169 -168 -168 -165 -165 -168 -166 -168 -170 -171 -174 -175 -176 -177 -170 -170 -172 -166 -163 -165 -167 -168 -174 -175 -168 -177 -174 -171 -170 -182 -191 -195 -197 -199 -193 -188 -179 -176 -175 -173 -172 -175 -172 -173
-168 -160 -164 -166 -167 -167 -163 -161 -160 -162 -166 -168 -169 -168 -166 -161 -156 -147 -138 -136 -135 -135 -133 -133 -137 -138 -138 -140 -140 -145 -152 -157 -160 -161 -166 -171 -174 -178 -181 -182 -182 -179 -180 -182 -178 -173 -173 -172 -172 -173 -172 -172 -171 -171 -167 -167 -167 -169 -171 -172 -175 -178 -179 -173 -171 -169 -164 -159 -163 -162 -162 -157 -163 -165 -175 -181 -172 -176 -177 -176 -187 -195 -203 -212 -206 -201 -184 -177 -178 -177 -175 -174 -174 -176 -174 -176
-163 -160 -161 -164 -166 -167 -164 -161 -161 -161 -164 -166 -165 -166 -167 -166 -163 -139 -129 -129 -129 -131 -131 -132 -135 -137 -139 -143 -145 -149 -156 -161 -164 -165 -167 -170 -175 -180 -183 -183 -182 -181 -183 -183 -179 -174 -173 -171 -171 -171 -173 -172 -170 -168 -168 -170 -175 -175 -174 -176 -179 -182 -176 -170 -168 -163 -158 -155 -159 -160 -162 -155 -160 -168 -181 -182 -178 -178 -179 -187 -198 -199 -210 -200 -185 -181 -172 -173 -176 -176 -177 -174 -171 -172 -173 -171
-163 -160 -160 -161 -162 -163 -163 -163 -163 -161 -160 -161 -162 -164 -166 -166 -166 -145 -129 -130 -131 -132 -133 -134 -136 -138 -141 -145 -149 -155 -160 -163 -166 -167 -168 -172 -176 -183 -187 -185 -181 -182 -184 -183 -180 -175 -173 -172 -171 -171 -171 -171 -169 -168 -170 -172 -176 -177 -178 -181 -181 -179 -174 -171 -173 -167 -165 -166 -161 -167 -169 -165 -166 -169 -178 -184 -185 -184 -181 -178 -195 -197 -190 -176 -174 -176 -173 -175 -175 -174 -172 -171 -171 -172 -171 -170
-169 -164 -161 -159 -158 -159 -161 -162 -161 -159 -157 -157 -158 -160 -162 -162 -162 -149 -135 -138 -139 -140 -141 -141 -142 -143 -147 -150 -155 -160 -163 -164 -167 -170 -171 -173 -176 -181 -185 -184 -181 -183 -184 -183 -181 -177 -173 -171 -170 -170 -170 -171 -171 -171 -171 -173 -176 -178 -176 -174 -174 -170 -168 -170 -171 -169 -166 -166 -164 -164 -168 -169 -168 -167 -176 -185 -185 -183 -179 -176 -176 -176 -173 -170 -172 -173 -174 -173 -169 -168 -169 -169 -169 -169 -167 -166
-174 -169 -163 -158 -157 -157 -157 -156 -155 -153 -151 -150 -150 -151 -154 -156 -154 -152 -148 -145 -145 -147 -148 -148 -149 -150 -152 -155 -158 -159 -161 -163 -167 -170 -171 -172 -175 -179 -182 -183 -182 -183 -184 -184 -182 -178 -175 -173 -171 -170 -171 -172 -173 -173 -173 -173 -173 -174 -172 -171 -170 -166 -160 -155 -153 -153 -151 -154 -156 -162 -166 -167 -167 -168 -174 -179 -179 -178 -174 -172 -171 -171 -169 -168 -169 -170 -172 -171 -169 -168 -167 -166 -166 -165 -165 -163
