Clean_Data/Bathy/cascobay_gebco.asc
ncols        219
nrows        196
xllcorner    -70.429166666667
yllcorner    43.195833333333
cellsize     0.004166666667
NODATA_value -32767
[rows 84 to 125 of 196, columns 96 to 191 of 219]
-36 -29 -41 -44 -46 -50 -49 -50 -51 -52 -51 -49 -50 -51 -52 -51 -51 -49 -48 -47 -40 -41 -40 -38 -35 -34 -33 -36 -46 -47 -45 -38 -42 -35 -27 -24 -34 -38 -35 -33 -31 -31 -31 -31 -29 -30 -31 -22 -25 -27 -25 -29 -32 -32 -33 -33 -33 -33 -33 -26 -25 -24 -36 -44 -45 -42 -45 -51 -56 -61 -63 -65 -63 -71 -72 -74 -70 -68 -57 -73 -64 -71 -75 -70 -76 -79 -82 -85 -90 -92 -86 -69 -81 -78 -73 -70
-33 -31 -34 -42 -46 -50 -49 -51 -51 -50 -49 -50 -51 -53 -54 -54 -52 -46 -48 -45 -42 -40 -38 -37 -35 -32 -36 -43 -49 -46 -40 -40 -42 -34 -31 -31 -33 -41 -43 -39 -33 -33 -33 -32 -29 -29 -27 -26 -26 -25 -24 -29 -31 -32 -33 -33 -35 -37 -37 -36 -35 -30 -34 -44 -46 -41 -49 -57 -61 -63 -66 -61 -68 -68 -72 -77 -74 -77 -76 -68 -69 -75 -79 -71 -74 -73 -74 -78 -84 -95 -84 -78 -87 -87 -84 -82
-32 -28 -31 -36 -48 -50 -50 -51 -52 -52 -52 -54 -57 -56 -54 -58 -50 -35 -43 -43 -43 -40 -38 -37 -34 -32 -38 -50 -53 -47 -39 -40 -40 -35 -27 -35 -33 -37 -45 -42 -33 -37 -37 -35 -33 -32 -28 -25 -27 -26 -27 -30 -33 -34 -34 -35 -37 -39 -40 -35 -35 -39 -39 -46 -50 -48 -54 -61 -65 -70 -66 -63 -70 -75 -73 -78 -85 -85 -80 -77 -78 -76 -75 -71 -60 -68 -63 -77 -93 -91 -80 -83 -94 -84 -83 -68
-30 -27 -31 -38 -44 -49 -51 -52 -53 -56 -56 -55 -54 -55 -57 -52 -40 -35 -37 -38 -37 -35 -34 -34 -34 -36 -43 -45 -51 -42 -40 -39 -35 -41 -42 -43 -37 -36 -46 -42 -36 -40 -40 -38 -35 -32 -27 -29 -31 -29 -31 -34 -37 -39 -39 -38 -39 -41 -42 -39 -33 -31 -43 -50 -59 -62 -66 -68 -71 -74 -67 -64 -62 -80 -82 -81 -88 -85 -81 -69 -72 -73 -73 -73 -66 -61 -66 -84 -92 -86 -84 -83 -93 -67 -74 -64
-31 -31 -34 -39 -44 -48 -47 -46 -46 -50 -52 -51 -51 -55 -57 -48 -39 -37 -39 -39 -37 -34 -31 -32 -35 -42 -46 -42 -38 -37 -41 -37 -37 -45 -44 -45 -44 -47 -51 -44 -40 -43 -44 -43 -39 -34 -27 -33 -35 -32 -34 -38 -41 -43 -42 -41 -40 -41 -41 -39 -38 -43 -55 -64 -65 -70 -73 -74 -76 -74 -68 -59 -69 -79 -82 -81 -87 -86 -82 -72 -71 -68 -67 -64 -71 -61 -67 -92 -91 -89 -85 -82 -86 -61 -74 -69
-38 -37 -38 -42 -46 -43 -38 -37 -39 -45 -50 -50 -50 -52 -52 -47 -43 -41 -42 -43 -41 -36 -33 -34 -39 -47 -48 -42 -37 -37 -38 -36 -37 -39 -41 -42 -44 -56 -54 -52 -40 -44 -49 -50 -49 -42 -32 -40 -40 -37 -37 -40 -43 -47 -48 -44 -42 -41 -39 -39 -42 -62 -70 -72 -68 -74 -76 -79 -79 -77 -76 -67 -75 -79 -81 -82 -82 -89 -84 -81 -75 -71 -72 -70 -73 -62 -80 -95 -92 -95 -91 -82 -64 -65 -74 -70
-43 -42 -41 -41 -42 -40 -37 -37 -40 -45 -50 -50 -49 -47 -45 -46 -46 -43 -43 -43 -41 -36 -35 -36 -43 -49 -49 -44 -38 -38 -41 -51 -34 -31 -31 -33 -34 -55 -58 -49 -55 -55 -57 -57 -54 -43 -43 -50 -42 -46 -49 -62 -55 -61 -53 -34 -39 -34 -33 -36 -44 -70 -74 -69 -74 -78 -80 -82 -80 -79 -75 -77 -76 -80 -84 -77 -84 -90 -84 -81 -70 -65 -66 -69 -73 -64 -81 -98 -94 -85 -82 -77 -67 -74 -84 -86
-44 -45 -41 -37 -38 -40 -40 -38 -39 -44 -47 -47 -45 -41 -41 -44 -43 -43 -44 -43 -41 -38 -37 -38 -46 -50 -46 -43 -41 -45 -52 -50 -39 -40 -37 -39 -52 -59 -50 -59 -59 -61 -62 -63 -61 -57 -56 -54 -45 -57 -54 -68 -68 -53 -49 -46 -43 -38 -37 -44 -53 -74 -74 -66 -81 -81 -83 -84 -84 -87 -80 -80 -80 -81 -88 -88 -88 -90 -86 -81 -71 -78 -79 -79 -79 -69 -99 -108 -93 -83 -84 -68 -69 -80 -86 -78
-43 -46 -40 -34 -36 -38 -38 -37 -38 -42 -45 -43 -40 -39 -41 -42 -43 -45 -44 -44 -43 -42 -42 -46 -52 -52 -46 -48 -52 -59 -67 -62 -50 -35 -33 -35 -48 -60 -57 -64 -64 -64 -63 -63 -59 -55 -44 -44 -45 -65 -70 -70 -67 -64 -49 -42 -46 -47 -52 -69 -79 -77 -65 -76 -80 -80 -86 -86 -86 -84 -82 -79 -71 -77 -85 -89 -93 -93 -88 -85 -71 -76 -79 -84 -83 -73 -101 -103 -84 -82 -81 -79 -89 -81 -86 -75
-43 -45 -41 -36 -36 -36 -37 -39 -39 -41 -42 -42 -43 -43 -43 -42 -45 -48 -45 -43 -43 -45 -48 -53 -57 -54 -53 -60 -66 -69 -71 -66 -59 -56 -47 -48 -51 -63 -67 -68 -67 -66 -61 -61 -56 -57 -55 -50 -49 -60 -71 -76 -75 -57 -42 -49 -55 -64 -76 -74 -77 -74 -68 -82 -82 -83 -87 -88 -91 -85 -81 -84 -79 -77 -89 -93 -95 -93 -90 -84 -80 -86 -84 -85 -89 -83 -109 -101 -84 -84 -81 -82 -86 -82 -88 -68
-38 -40 -39 -39 -37 -37 -40 -41 -41 -40 -40 -42 -45 -47 -47 -43 -43 -46 -44 -41 -43 -48 -51 -54 -57 -56 -60 -68 -72 -73 -74 -71 -65 -62 -58 -62 -61 -67 -72 -72 -71 -69 -66 -64 -60 -60 -63 -58 -59 -68 -77 -74 -64 -52 -49 -55 -54 -66 -66 -69 -77 -76 -81 -85 -87 -88 -89 -89 -90 -87 -79 -86 -86 -87 -94 -96 -95 -93 -90 -89 -87 -90 -89 -86 -91 -96 -118 -95 -87 -87 -85 -89 -87 -77 -81 -76
-30 -31 -33 -38 -40 -39 -41 -40 -41 -42 -43 -46 -48 -50 -51 -46 -43 -44 -44 -44 -48 -53 -54 -55 -57 -59 -64 -68 -69 -70 -73 -75 -73 -70 -67 -65 -69 -75 -76 -75 -74 -73 -72 -69 -62 -68 -75 -76 -74 -81 -79 -62 -51 -53 -49 -53 -64 -75 -60 -72 -77 -77 -86 -88 -91 -90 -86 -81 -82 -88 -87 -86 -88 -91 -97 -97 -94 -92 -91 -89 -88 -88 -89 -86 -82 -96 -99 -95 -90 -89 -84 -90 -87 -84 -78 -78
-27 -28 -31 -37 -42 -42 -40 -38 -40 -47 -51 -53 -53 -52 -51 -49 -47 -48 -48 -50 -55 -57 -56 -58 -62 -67 -71 -71 -68 -70 -75 -79 -80 -79 -78 -78 -79 -80 -80 -79 -78 -77 -77 -75 -73 -77 -79 -79 -81 -84 -77 -56 -56 -61 -56 -65 -60 -71 -70 -78 -74 -79 -88 -90 -87 -85 -81 -83 -86 -88 -93 -91 -92 -94 -97 -94 -88 -87 -89 -93 -91 -91 -83 -77 -87 -110 -96 -97 -92 -87 -89 -95 -88 -80 -87 -77
-29 -29 -32 -36 -41 -44 -42 -41 -45 -53 -57 -57 -56 -52 -48 -51 -53 -52 -52 -56 -61 -61 -62 -64 -71 -77 -80 -78 -73 -72 -79 -83 -82 -83 -83 -83 -82 -82 -83 -82 -82 -81 -80 -80 -80 -80 -79 -76 -75 -85 -74 -59 -53 -58 -77 -64 -68 -68 -73 -82 -83 -86 -91 -87 -89 -84 -74 -86 -86 -88 -98 -96 -96 -96 -98 -85 -79 -90 -90 -83 -83 -82 -81 -89 -94 -105 -99 -98 -94 -89 -97 -96 -86 -95 -95 -91
-32 -33 -33 -35 -38 -43 -46 -45 -48 -55 -60 -59 -56 -52 -48 -52 -53 -50 -55 -64 -67 -69 -71 -75 -80 -81 -81 -81 -78 -77 -82 -83 -83 -83 -83 -83 -83 -83 -83 -84 -85 -84 -84 -83 -82 -81 -80 -69 -72 -77 -57 -57 -56 -70 -66 -61 -69 -72 -68 -84 -74 -88 -94 -92 -92 -93 -89 -91 -89 -94 -98 -99 -99 -98 -98 -94 -92 -96 -90 -81 -71 -67 -87 -101 -115 -100 -102 -98 -91 -92 -99 -106 -97 -100 -104 -109
-37 -37 -37 -36 -36 -42 -47 -49 -55 -60 -63 -60 -56 -51 -47 -52 -55 -55 -64 -75 -78 -80 -81 -82 -83 -82 -82 -82 -82 -83 -84 -83 -83 -83 -83 -84 -83 -84 -85 -85 -87 -88 -87 -86 -85 -83 -81 -80 -86 -80 -59 -57 -66 -79 -78 -82 -69 -85 -89 -89 -89 -94 -96 -95 -94 -95 -95 -95 -87 -82 -92 -102 -100 -99 -98 -97 -96 -95 -87 -88 -80 -78 -76 -98 -118 -90 -100 -94 -87 -86 -97 -107 -110 -109 -111 -109
-43 -42 -40 -38 -38 -43 -49 -54 -61 -66 -65 -63 -61 -58 -59 -64 -70 -72 -78 -85 -86 -86 -86 -85 -85 -84 -84 -84 -84 -84 -84 -83 -82 -83 -83 -84 -84 -83 -82 -78 -83 -86 -89 -88 -87 -85 -85 -85 -87 -80 -68 -66 -75 -87 -90 -82 -83 -77 -91 -84 -94 -97 -98 -98 -97 -98 -98 -95 -90 -96 -99 -104 -101 -100 -99 -98 -97 -93 -80 -71 -87 -84 -90 -104 -113 -92 -99 -86 -85 -86 -95 -96 -103 -115 -119 -117
-47 -45 -43 -44 -45 -47 -52 -55 -59 -63 -64 -65 -66 -65 -67 -71 -78 -83 -86 -90 -90 -88 -88 -87 -87 -87 -86 -86 -85 -86 -84 -82 -82 -83 -84 -84 -83 -80 -77 -74 -76 -84 -88 -88 -87 -87 -87 -89 -88 -84 -82 -77 -88 -92 -94 -91 -84 -80 -91 -86 -97 -102 -102 -102 -101 -100 -98 -97 -99 -100 -96 -104 -101 -101 -99 -99 -97 -96 -94 -77 -94 -96 -104 -110 -105 -95 -97 -88 -86 -80 -102 -100 -106 -118 -123 -122
-43 -41 -42 -48 -51 -52 -54 -56 -59 -60 -61 -63 -64 -65 -65 -67 -78 -86 -89 -92 -91 -90 -90 -89 -88 -86 -84 -84 -84 -84 -84 -82 -83 -84 -84 -83 -81 -77 -75 -75 -80 -85 -88 -88 -88 -88 -90 -88 -91 -89 -82 -86 -95 -96 -96 -94 -92 -90 -92 -89 -100 -102 -106 -104 -103 -102 -100 -99 -101 -104 -105 -98 -99 -99 -95 -98 -98 -100 -101 -96 -102 -105 -110 -107 -94 -106 -103 -93 -96 -104 -105 -106 -109 -116 -120 -121
-39 -40 -46 -50 -53 -55 -57 -60 -61 -59 -61 -64 -65 -66 -68 -74 -85 -91 -92 -92 -90 -89 -89 -88 -87 -84 -80 -78 -77 -79 -80 -81 -84 -84 -84 -82 -80 -78 -76 -79 -82 -85 -86 -89 -89 -89 -92 -88 -96 -97 -95 -99 -99 -98 -100 -96 -93 -94 -95 -100 -102 -102 -107 -104 -101 -99 -96 -97 -103 -105 -104 -102 -101 -99 -98 -96 -93 -95 -106 -106 -107 -108 -110 -107 -100 -98 -93 -91 -97 -98 -100 -102 -105 -111 -115 -120
-46 -50 -50 -51 -53 -58 -60 -63 -63 -59 -62 -66 -69 -68 -73 -84 -89 -92 -92 -91 -90 -89 -89 -88 -87 -86 -81 -74 -71 -72 -74 -76 -79 -82 -80 -76 -78 -80 -80 -82 -84 -85 -87 -89 -91 -91 -93 -88 -98 -102 -104 -104 -102 -100 -99 -98 -98 -101 -97 -99 -102 -104 -104 -112 -106 -105 -104 -103 -106 -106 -104 -107 -106 -101 -103 -96 -88 -85 -99 -107 -110 -110 -110 -108 -103 -99 -93 -91 -98 -96 -94 -100 -108 -114 -118 -123
-48 -50 -51 -52 -54 -58 -60 -65 -67 -59 -62 -73 -78 -75 -76 -85 -91 -93 -92 -89 -90 -92 -92 -91 -90 -88 -81 -69 -64 -65 -69 -73 -77 -79 -77 -75 -76 -82 -85 -85 -86 -88 -90 -92 -94 -85 -87 -97 -101 -104 -107 -108 -109 -106 -103 -101 -98 -94 -102 -104 -105 -106 -108 -109 -106 -107 -107 -106 -106 -106 -105 -103 -105 -101 -92 -98 -96 -91 -91 -103 -113 -111 -108 -108 -103 -98 -92 -89 -98 -101 -100 -108 -116 -121 -124 -128
-56 -53 -54 -55 -55 -56 -58 -62 -80 -91 -91 -94 -90 -84 -82 -91 -95 -94 -93 -91 -92 -93 -93 -93 -91 -88 -79 -68 -64 -64 -68 -73 -76 -78 -76 -75 -78 -83 -85 -85 -86 -89 -92 -94 -96 -97 -102 -103 -108 -114 -114 -111 -114 -114 -112 -110 -104 -99 -106 -107 -109 -108 -103 -100 -105 -104 -103 -100 -101 -101 -102 -101 -100 -102 -102 -100 -97 -91 -91 -103 -115 -112 -109 -109 -101 -94 -91 -90 -99 -103 -107 -114 -118 -122 -121 -123
-59 -59 -59 -57 -55 -59 -63 -66 -70 -88 -91 -94 -96 -90 -85 -89 -90 -91 -92 -93 -94 -93 -93 -93 -89 -87 -80 -73 -71 -71 -74 -76 -76 -78 -78 -78 -79 -82 -83 -82 -83 -87 -92 -94 -96 -98 -102 -106 -109 -105 -97 -89 -87 -106 -111 -112 -120 -111 -108 -108 -107 -102 -99 -102 -104 -103 -101 -96 -94 -95 -99 -100 -98 -100 -101 -99 -95 -94 -100 -109 -113 -112 -110 -109 -102 -97 -94 -92 -98 -102 -106 -111 -117 -122 -118 -120
-65 -63 -62 -58 -58 -66 -71 -71 -74 -85 -90 -93 -96 -96 -82 -82 -81 -80 -81 -85 -88 -90 -92 -90 -90 -89 -84 -78 -79 -80 -82 -81 -80 -81 -82 -81 -79 -79 -79 -78 -79 -87 -94 -96 -97 -99 -102 -107 -109 -106 -108 -79 -81 -95 -105 -107 -111 -110 -109 -108 -107 -101 -98 -102 -102 -102 -100 -94 -93 -94 -98 -99 -98 -100 -99 -97 -97 -102 -109 -112 -112 -112 -111 -110 -108 -106 -102 -96 -99 -104 -107 -113 -119 -122 -122 -125
-68 -67 -65 -61 -66 -77 -83 -83 -86 -89 -90 -99 -106 -103 -95 -89 -79 -71 -71 -75 -84 -92 -101 -94 -92 -92 -90 -87 -87 -87 -87 -84 -82 -83 -84 -82 -80 -79 -77 -76 -82 -93 -98 -99 -99 -99 -98 -98 -97 -96 -90 -83 -87 -96 -100 -104 -109 -111 -111 -111 -110 -104 -101 -102 -101 -99 -95 -94 -96 -97 -98 -98 -98 -99 -96 -93 -97 -106 -113 -114 -112 -114 -114 -113 -112 -111 -104 -96 -99 -106 -113 -118 -122 -123 -124 -126
-66 -72 -72 -70 -73 -83 -91 -95 -98 -98 -98 -97 -99 -105 -103 -99 -89 -78 -70 -72 -81 -93 -99 -99 -96 -93 -93 -93 -93 -92 -90 -87 -84 -85 -85 -85 -85 -83 -81 -84 -92 -97 -98 -98 -97 -95 -92 -92 -96 -98 -96 -95 -98 -98 -96 -99 -106 -113 -115 -115 -113 -110 -106 -103 -103 -97 -92 -95 -98 -97 -96 -96 -98 -100 -97 -93 -100 -110 -114 -115 -115 -117 -119 -117 -111 -106 -99 -94 -100 -107 -115 -120 -124 -129 -127 -128
-65 -70 -77 -80 -83 -88 -95 -97 -98 -98 -97 -97 -100 -102 -104 -103 -101 -93 -84 -78 -76 -87 -93 -97 -99 -94 -93 -93 -93 -92 -91 -89 -86 -86 -88 -90 -91 -89 -87 -92 -98 -97 -94 -93 -90 -89 -90 -91 -95 -98 -97 -100 -104 -100 -96 -98 -106 -114 -116 -116 -116 -114 -111 -108 -106 -102 -100 -102 -103 -99 -97 -96 -98 -101 -100 -99 -106 -115 -116 -117 -118 -120 -121 -120 -109 -103 -98 -96 -101 -108 -115 -120 -127 -133 -131 -136
-67 -72 -76 -85 -93 -95 -97 -98 -99 -99 -97 -97 -98 -99 -102 -103 -103 -99 -97 -87 -78 -82 -89 -95 -101 -99 -97 -97 -93 -93 -93 -93 -89 -86 -88 -94 -95 -95 -95 -97 -99 -95 -90 -89 -87 -86 -89 -91 -95 -98 -96 -100 -106 -105 -101 -103 -108 -114 -115 -115 -116 -117 -116 -113 -108 -106 -106 -108 -106 -102 -100 -97 -99 -100 -101 -102 -107 -115 -119 -120 -120 -120 -121 -121 -103 -100 -99 -100 -101 -104 -111 -117 -126 -134 -132 -137
-71 -73 -78 -89 -95 -96 -98 -99 -99 -98 -96 -94 -95 -97 -100 -103 -105 -108 -103 -97 -89 -90 -95 -98 -101 -101 -97 -96 -95 -95 -94 -92 -83 -88 -89 -97 -99 -100 -100 -100 -99 -97 -92 -89 -88 -87 -89 -88 -96 -100 -99 -103 -109 -109 -108 -109 -111 -112 -112 -113 -115 -118 -118 -117 -116 -110 -110 -111 -108 -106 -106 -107 -104 -102 -100 -104 -112 -119 -122 -122 -121 -119 -114 -101 -99 -97 -101 -104 -107 -103 -104 -113 -127 -135 -132 -135
-81 -85 -89 -93 -94 -96 -100 -98 -99 -99 -97 -93 -92 -95 -99 -103 -105 -106 -108 -106 -103 -101 -100 -99 -100 -98 -97 -96 -95 -95 -97 -95 -85 -88 -94 -99 -101 -101 -101 -99 -99 -98 -96 -90 -86 -88 -91 -91 -96 -100 -103 -110 -113 -113 -113 -113 -113 -111 -109 -108 -111 -117 -119 -119 -118 -116 -113 -112 -110 -108 -108 -109 -110 -106 -105 -109 -116 -121 -123 -123 -122 -119 -109 -101 -98 -98 -101 -109 -113 -104 -104 -117 -130 -136 -131 -134
-80 -89 -96 -96 -96 -99 -99 -98 -98 -96 -91 -87 -88 -92 -96 -99 -98 -97 -101 -106 -107 -106 -104 -102 -99 -96 -94 -94 -96 -96 -97 -90 -86 -88 -93 -99 -101 -101 -101 -101 -97 -96 -94 -90 -86 -89 -93 -93 -98 -102 -109 -117 -117 -118 -118 -118 -117 -113 -108 -108 -114 -118 -121 -121 -121 -119 -116 -113 -110 -108 -108 -111 -112 -109 -109 -110 -115 -122 -124 -123 -121 -119 -113 -107 -101 -96 -102 -111 -110 -99 -109 -125 -133 -138 -130 -130
-70 -84 -97 -97 -98 -99 -101 -100 -99 -91 -78 -73 -76 -81 -88 -95 -95 -93 -98 -104 -106 -106 -104 -104 -100 -94 -94 -97 -98 -100 -100 -94 -91 -91 -94 -99 -100 -100 -101 -100 -97 -96 -92 -91 -89 -89 -92 -94 -99 -104 -112 -119 -120 -122 -123 -122 -120 -118 -114 -115 -118 -119 -120 -121 -121 -119 -116 -112 -109 -109 -110 -110 -109 -109 -112 -111 -116 -122 -123 -121 -121 -120 -116 -111 -105 -101 -106 -112 -108 -98 -110 -125 -134 -140 -133 -132
-70 -84 -97 -97 -98 -100 -101 -102 -101 -92 -77 -66 -64 -69 -80 -92 -98 -98 -100 -103 -106 -106 -103 -103 -101 -96 -98 -103 -103 -105 -105 -101 -99 -98 -100 -102 -101 -101 -101 -99 -97 -96 -94 -93 -92 -92 -94 -98 -102 -104 -112 -121 -122 -123 -123 -121 -121 -122 -120 -119 -118 -118 -120 -121 -121 -119 -114 -110 -109 -110 -110 -106 -102 -110 -117 -117 -121 -125 -124 -121 -121 -120 -117 -112 -109 -108 -107 -107 -105 -103 -114 -125 -133 -140 -138 -137
-90 -100 -101 -97 -99 -101 -102 -102 -100 -95 -83 -69 -64 -68 -79 -91 -98 -100 -102 -102 -102 -106 -107 -107 -106 -102 -104 -107 -107 -107 -107 -106 -105 -105 -105 -104 -104 -105 -103 -100 -100 -101 -99 -98 -97 -98 -99 -102 -105 -104 -112 -121 -123 -121 -119 -119 -120 -121 -121 -121 -120 -119 -121 -121 -120 -117 -114 -112 -111 -108 -103 -100 -100 -110 -120 -122 -125 -128 -124 -123 -124 -121 -117 -113 -109 -107 -104 -102 -103 -106 -119 -129 -134 -138 -138 -138
-98 -101 -100 -98 -100 -103 -104 -104 -103 -99 -89 -78 -75 -75 -82 -94 -100 -102 -102 -99 -100 -106 -110 -111 -112 -110 -109 -108 -108 -109 -109 -108 -107 -107 -106 -107 -108 -108 -106 -103 -104 -104 -105 -105 -105 -104 -103 -104 -106 -105 -111 -121 -124 -120 -117 -118 -120 -121 -122 -122 -122 -122 -123 -121 -119 -117 -115 -114 -113 -104 -95 -98 -103 -109 -118 -124 -126 -127 -125 -124 -124 -121 -114 -111 -107 -105 -102 -103 -102 -102 -119 -132 -137 -138 -134 -134
-100 -101 -102 -102 -104 -106 -106 -106 -107 -105 -97 -90 -89 -87 -88 -96 -102 -104 -102 -100 -102 -108 -110 -111 -112 -111 -111 -110 -110 -111 -110 -107 -106 -106 -107 -110 -113 -112 -110 -108 -106 -106 -107 -107 -106 -105 -104 -104 -105 -105 -111 -122 -128 -127 -122 -120 -121 -122 -121 -121 -123 -124 -124 -123 -121 -117 -116 -115 -109 -101 -94 -101 -110 -113 -119 -124 -127 -128 -125 -123 -121 -118 -113 -110 -108 -107 -106 -106 -101 -102 -120 -133 -136 -137 -131 -131
-99 -101 -103 -105 -106 -107 -108 -108 -107 -107 -103 -97 -94 -94 -94 -97 -102 -104 -104 -105 -106 -108 -110 -111 -112 -112 -112 -112 -112 -112 -110 -106 -106 -107 -108 -114 -117 -117 -116 -114 -110 -107 -105 -103 -102 -102 -104 -105 -105 -106 -114 -127 -131 -133 -126 -123 -122 -122 -122 -122 -124 -126 -126 -125 -124 -124 -121 -120 -110 -102 -101 -106 -113 -116 -122 -127 -128 -128 -125 -121 -118 -116 -115 -112 -109 -109 -109 -103 -99 -104 -116 -128 -135 -135 -132 -129
-103 -105 -106 -107 -108 -109 -109 -108 -108 -105 -102 -98 -97 -98 -98 -98 -99 -101 -106 -109 -107 -110 -113 -113 -115 -116 -115 -114 -114 -114 -114 -112 -113 -113 -114 -118 -120 -118 -115 -115 -112 -109 -106 -103 -102 -103 -106 -109 -109 -109 -118 -130 -130 -128 -126 -124 -124 -123 -123 -125 -126 -127 -128 -129 -131 -131 -122 -110 -110 -108 -110 -110 -113 -121 -127 -131 -130 -130 -128 -122 -118 -118 -118 -113 -109 -110 -112 -112 -96 -102 -111 -120 -127 -127 -125 -121
-108 -109 -109 -109 -108 -109 -109 -109 -99 -90 -96 -96 -100 -103 -101 -98 -97 -98 -105 -107 -106 -114 -117 -118 -120 -119 -119 -117 -115 -117 -118 -119 -120 -119 -119 -118 -117 -114 -112 -112 -113 -113 -111 -109 -107 -108 -112 -113 -115 -116 -121 -130 -128 -125 -125 -125 -126 -126 -125 -125 -125 -125 -127 -130 -130 -129 -127 -119 -117 -114 -114 -113 -117 -126 -130 -131 -131 -132 -129 -123 -122 -121 -118 -113 -113 -114 -114 -105 -95 -98 -108 -113 -114 -115 -114 -110
-109 -110 -110 -109 -108 -109 -110 -110 -98 -89 -92 -98 -103 -106 -102 -98 -96 -96 -107 -115 -112 -113 -119 -119 -121 -121 -121 -119 -116 -116 -117 -120 -121 -120 -119 -116 -114 -113 -113 -114 -115 -113 -112 -112 -111 -113 -117 -117 -117 -119 -125 -131 -126 -121 -123 -125 -126 -126 -125 -125 -123 -122 -125 -127 -127 -127 -128 -127 -124 -120 -118 -117 -120 -127 -132 -133 -131 -128 -124 -121 -121 -120 -115 -112 -115 -116 -109 -96 -91 -94 -102 -106 -106 -107 -109 -110
-110 -110 -110 -109 -109 -110 -110 -110 -101 -99 -99 -103 -105 -104 -102 -99 -96 -96 -106 -114 -114 -116 -118 -118 -120 -122 -123 -119 -115 -115 -117 -121 -122 -121 -119 -117 -115 -116 -116 -118 -118 -115 -113 -114 -114 -114 -117 -118 -117 -117 -125 -131 -124 -121 -123 -127 -130 -130 -128 -126 -122 -120 -123 -124 -122 -125 -128 -127 -124 -120 -119 -119 -121 -124 -131 -136 -131 -124 -120 -117 -115 -114 -111 -110 -115 -116 -99 -90 -89 -91 -99 -103 -103 -104 -107 -114
