Clean_Data/Bathy/cascobay_gebco.asc
ncols        219
nrows        196
xllcorner    -70.429166666667
yllcorner    43.195833333333
cellsize     0.004166666667
NODATA_value -32767
[rows 84 to 125 of 196, columns 0 to 95 of 219]
53 51 47 55 60 44 29 30 32 29 39 36 25 30 24 18 22 17 24 23 12 16 24 22 19 20 20 19 3 9 13 14 15 15 10 21 16 10 5 4 12 19 15 5 -9 -7 -8 -11 -16 -16 -16 -14 -5 -6 -2 0 20 26 19 11 -16 -20 -24 -26 -28 -29 -27 -25 -27 -29 -30 -30 -29 -27 -23 -18 -16 -16 -20 -26 -31 -33 -33 -33 -34 -36 -40 -43 -47 -48 -46 -39 -29 -24 -31 -36
45 49 53 51 45 39 27 32 32 36 39 33 38 36 26 27 34 21 17 18 17 23 21 15 21 26 18 19 11 5 7 11 11 10 11 7 12 19 18 31 33 16 6 1 -11 -11 -11 -10 -13 -16 -15 -14 -12 -9 -8 -10 16 20 13 9 -15 -20 -23 -26 -29 -31 -26 -21 -29 -32 -32 -31 -30 -28 -22 -15 -15 -16 -22 -29 -35 -35 -34 -31 -31 -33 -41 -45 -49 -53 -55 -41 -24 -12 -28 -37
38 44 51 52 50 35 33 32 32 35 42 39 35 31 37 27 23 25 26 22 21 23 26 31 30 23 20 29 24 14 10 7 5 4 6 9 29 46 40 36 23 -2 -5 -9 -11 -8 -10 -4 -17 -12 -16 -15 -12 -10 -13 -13 -5 4 1 -13 -22 -24 -25 -26 -29 -31 -29 -28 -36 -36 -34 -32 -29 4 -23 -22 -23 -26 -19 -28 -39 -32 -23 -23 -23 -25 -37 -42 -42 -52 -56 -42 -26 -16 -41 -38
35 40 45 51 40 35 38 34 34 34 35 35 36 36 30 24 22 21 21 22 26 24 22 19 20 21 19 20 18 15 12 7 4 3 5 5 21 48 43 29 4 -5 -8 -6 -11 -11 -4 5 7 -7 -16 -16 -10 -7 -8 -7 -9 -11 -15 -19 -20 -23 -25 -27 -29 -31 -31 -32 -37 -37 -35 -33 -28 -25 -23 -23 -26 -25 -24 -26 -31 -29 -26 -23 -23 -28 -37 -48 -57 -57 -59 -42 -36 -36 -38 -35
37 34 35 37 35 38 36 34 35 34 34 32 37 43 39 23 24 23 22 33 37 31 23 18 16 21 19 19 19 15 11 9 4 2 2 5 8 16 4 -6 -13 -13 -11 3 2 2 9 13 3 -7 -14 -15 -10 -15 -4 14 24 -10 -16 -18 -18 -21 -24 -28 -29 -31 -31 -32 -39 -37 -36 -35 -31 -25 -23 -23 -27 -27 -24 -25 -31 -28 -28 -24 -22 -28 -39 -52 -55 -59 -53 -41 -38 -36 -35 -34
34 39 43 38 39 42 38 35 33 33 30 36 34 42 41 31 22 22 25 39 45 36 21 17 18 20 20 18 23 20 16 6 9 8 3 6 2 2 1 -3 -5 -3 3 3 8 14 19 17 13 -5 -10 -15 -13 -14 -14 -25 -6 -9 -12 -6 -13 -18 -22 -25 -27 -30 -33 -33 -34 -34 -38 -38 -37 -37 -27 -28 -36 -36 -28 -28 -31 -30 -27 -25 -28 -36 -47 -52 -54 -58 -55 -46 -41 -38 -36 -39
45 48 48 40 44 36 39 37 36 38 34 34 30 32 37 35 33 27 24 23 20 18 18 16 16 17 17 15 11 15 11 14 12 7 11 7 5 4 4 -1 -1 0 4 7 17 29 28 24 23 15 -8 -18 -13 -16 -16 -9 -11 -9 -16 -17 -17 -18 -20 -23 -23 -30 -33 -33 -32 -35 -38 -39 -38 -33 -28 -32 -36 -36 -32 -29 -30 -30 -28 -28 -32 -39 -48 -51 -53 -55 -56 -50 -43 -39 -40 -44
53 46 39 25 22 30 33 32 34 34 33 33 30 32 36 38 51 48 38 20 19 19 17 16 17 16 15 15 14 18 14 13 10 10 17 8 5 7 8 7 6 10 9 11 19 21 24 30 25 18 -19 -11 -18 -18 -18 -17 -16 -12 -16 -17 -17 -17 -22 -23 -26 -30 -31 -30 -29 -33 -38 -39 -39 -33 -28 -32 -36 -36 -33 -27 -26 -26 -25 -26 -29 -36 -44 -46 -50 -53 -54 -46 -37 -35 -37 -42
45 34 21 21 25 16 18 14 14 19 25 28 30 27 28 31 41 31 27 22 22 19 17 18 18 16 18 19 24 30 23 15 11 11 9 7 9 11 10 14 28 22 20 25 19 13 20 26 23 9 -20 -4 -9 -17 -19 -18 -17 -17 -17 -17 -17 -18 -21 -24 -26 -28 -29 -28 -28 -32 -35 -36 -36 -31 -27 -32 -36 -36 -33 -26 -21 -20 -20 -22 -28 -34 -41 -43 -48 -51 -47 -35 -27 -28 -30 -37
21 37 57 52 53 40 33 24 20 22 13 12 26 33 25 21 25 22 23 21 23 23 20 19 17 19 21 17 25 31 30 15 12 12 10 11 13 17 21 36 35 36 27 23 26 32 30 29 20 17 7 2 -13 -12 -15 -15 -15 -17 -18 -18 -18 -18 -21 -23 -25 -27 -28 -29 -29 -29 -31 -33 -33 -32 -30 -34 -38 -37 -33 -25 -19 -17 -19 -24 -34 -38 -40 -44 -46 -47 -40 -28 -24 -26 -30 -37
36 51 64 65 48 42 34 26 23 27 19 16 22 10 7 14 17 14 13 17 14 18 17 11 17 18 20 15 16 22 19 11 12 12 12 19 25 29 40 45 45 34 23 25 38 45 37 31 24 14 13 5 -8 -14 -14 -14 -15 -16 -18 -19 -19 -19 -19 -20 -24 -27 -29 -30 -28 -28 -32 -34 -32 -32 -34 -35 -36 -34 -30 -23 -19 -18 -23 -34 -40 -39 -40 -44 -43 -44 -38 -28 -27 -30 -33 -35
41 51 61 57 62 59 32 27 30 28 26 22 21 20 19 15 16 13 12 14 14 10 14 16 8 15 15 11 10 11 12 11 12 13 13 16 33 45 49 48 36 26 26 27 36 36 31 28 29 26 28 22 1 -14 -16 -16 -17 -17 -18 -19 -19 -18 -18 -21 -26 -30 -31 -32 -32 -33 -36 -36 -33 -32 -33 -33 -34 -31 -26 -22 -25 -28 -34 -40 -36 -33 -35 -37 -39 -43 -39 -34 -34 -34 -32 -29
56 58 55 65 62 57 34 25 23 30 31 23 24 21 22 22 21 22 22 26 23 19 17 24 16 15 6 5 10 11 12 11 10 5 12 19 36 45 49 35 27 30 35 34 34 30 36 28 24 26 17 4 -10 -13 -16 -18 -18 -18 -18 -17 -16 -19 -23 -26 -28 -31 -32 -35 -37 -37 -35 -33 -30 -28 -27 -30 -33 -29 -24 -23 -28 -39 -43 -43 -36 -29 -26 -25 -30 -40 -42 -37 -34 -31 -26 -26
45 49 50 46 41 38 31 25 26 28 24 27 27 23 21 22 20 21 18 28 24 23 24 31 29 29 18 10 5 11 12 13 11 8 12 14 22 32 28 23 41 45 44 34 31 30 26 33 24 13 11 6 -10 -10 -14 -18 -18 -17 -16 -16 -17 -20 -24 -24 -26 -29 -31 -34 -37 -35 -30 -27 -25 -23 -24 -28 -31 -27 -23 -25 -28 -40 -43 -43 -38 -27 -19 -17 -24 -35 -40 -36 -32 -27 -24 -28
46 50 42 36 27 25 23 26 30 27 29 22 22 23 20 20 23 18 15 20 22 21 20 29 30 29 26 28 11 5 12 15 11 11 9 11 17 18 15 22 44 46 42 34 24 26 11 10 20 21 19 -2 -11 -12 -13 -14 -17 -16 -16 -18 -18 -20 -21 -21 -23 -27 -31 -33 -35 -32 -26 -23 -23 -23 -24 -26 -29 -27 -23 -26 -35 -39 -36 -33 -32 -24 -17 -16 -23 -33 -37 -34 -31 -26 -26 -31
47 49 47 44 40 32 30 25 20 16 17 25 28 30 26 23 23 19 14 18 21 22 20 26 29 30 21 14 11 5 11 15 15 15 13 15 15 8 14 29 32 29 32 22 10 9 19 29 33 28 18 1 -6 -8 -10 -13 -17 -16 -18 -20 -20 -19 -19 -21 -22 -25 -28 -31 -34 -30 -24 -22 -24 -25 -24 -27 -31 -33 -25 -32 -35 -36 -30 -24 -24 -22 -18 -16 -26 -33 -35 -31 -27 -28 -31 -35
49 45 46 46 45 42 35 26 22 17 9 12 26 38 42 29 21 23 19 13 18 19 21 24 28 20 12 8 5 16 20 27 16 13 10 9 4 4 24 18 21 27 23 11 9 6 14 22 27 27 15 5 0 -2 -7 -11 -16 -19 -21 -20 -19 -18 -18 -21 -23 -24 -25 -27 -28 -26 -24 -24 -25 -26 -27 -29 -31 -28 -28 -31 -29 -27 -24 -21 -20 -20 -18 -17 -18 -29 -30 -29 -27 -31 -39 -43
49 44 47 47 46 45 38 27 24 17 9 9 13 37 46 34 16 21 17 15 15 24 31 23 16 8 2 4 12 12 23 25 22 10 5 4 10 10 10 3 4 4 3 3 7 11 5 5 22 29 17 13 3 5 -6 -10 -15 -19 -22 -19 -17 -17 -18 -20 -22 -24 -25 -24 -23 -23 -25 -29 -31 -32 -33 -30 -27 -26 -25 -25 -24 -21 -19 -20 -20 -19 -19 -20 -23 -29 -31 -35 -44 -44 -50 -48
48 47 46 44 44 42 35 31 27 20 10 3 7 19 19 17 12 10 15 14 16 24 15 11 4 4 4 9 12 11 13 16 17 12 6 18 13 14 12 11 12 3 2 5 20 13 7 16 18 20 16 11 13 17 -5 -11 -14 -14 -17 -16 -16 -17 -17 -18 -22 -25 -25 -25 -24 -24 -28 -32 -35 -36 -32 -28 -25 -24 -26 -29 -27 -23 -21 -21 -21 -20 -21 -23 -26 -32 -34 -39 -44 -47 -50 -46
46 48 45 45 40 39 32 26 19 18 10 3 1 2 4 4 4 8 6 13 14 8 5 6 2 4 8 14 14 14 13 14 11 7 9 13 18 15 11 9 3 9 9 8 12 8 10 13 13 10 19 35 33 16 -6 -12 -12 -10 -12 -13 -15 -16 -19 -22 -24 -26 -27 -26 -26 -28 -31 -33 -34 -34 -30 -25 -22 -25 -31 -34 -27 -24 -23 -22 -21 -22 -23 -25 -30 -35 -38 -44 -47 -48 -49 -46
47 49 44 50 44 41 36 28 28 23 13 5 3 2 1 2 3 8 7 6 6 9 6 3 3 5 9 11 9 7 6 6 7 5 15 14 11 4 2 8 12 18 21 19 16 10 3 4 9 21 30 38 24 4 -3 -9 -11 -12 -12 -13 -16 -17 -21 -25 -27 -28 -28 -28 -30 -33 -34 -32 -30 -30 -30 -28 -25 -28 -34 -29 -25 -22 -20 -20 -21 -24 -27 -30 -34 -40 -45 -49 -50 -50 -49 -47
50 52 40 46 42 39 33 24 14 13 16 11 4 1 2 3 10 6 6 4 8 8 7 2 1 9 10 11 4 4 6 11 12 18 16 18 6 2 11 21 28 25 33 28 18 15 5 4 8 25 21 21 17 22 8 -9 -11 -11 -12 -13 -18 -18 -21 -25 -28 -29 -28 -30 -36 -39 -37 -38 -31 -33 -36 -32 -27 -25 -22 -21 -21 -24 -20 -19 -20 -25 -33 -36 -38 -42 -48 -50 -48 -49 -50 -48
46 42 39 42 42 40 29 27 29 23 16 11 6 1 2 2 3 4 4 1 11 17 6 1 1 4 12 9 5 2 10 15 23 22 14 5 2 2 11 24 34 34 31 23 16 15 15 10 13 17 16 16 21 16 9 4 -13 -15 -17 -17 -18 -19 -22 -25 -27 -30 -33 -35 -40 -39 -33 -30 -33 -39 -41 -33 -25 -24 -22 -21 -23 -25 -24 -23 -30 -33 -32 -38 -39 -42 -47 -47 -46 -48 -50 -50
45 45 49 40 42 36 23 25 26 20 16 8 2 2 1 1 1 2 2 5 17 16 4 9 3 9 8 6 6 7 17 19 22 20 14 7 4 1 8 35 36 31 21 16 17 23 17 6 2 4 8 12 17 19 18 1 -18 -21 -22 -22 -22 -24 -26 -27 -28 -35 -36 -35 -38 -36 -29 -27 -31 -35 -34 -29 -25 -24 -24 -24 -25 -26 -28 -32 -39 -39 -38 -40 -40 -41 -44 -47 -50 -51 -52 -56
46 51 49 41 33 31 33 29 22 25 20 13 5 10 8 14 3 1 1 2 4 3 1 1 6 8 5 4 2 7 16 16 16 20 16 10 -3 -2 8 16 20 21 20 16 16 15 6 1 -1 -4 -2 10 18 18 -11 -20 -26 -27 -27 -28 -25 -29 -29 -29 -29 -38 -35 -32 -34 -36 -35 -34 -33 -31 -29 -26 -25 -26 -27 -28 -28 -29 -31 -37 -40 -41 -43 -43 -43 -42 -42 -48 -52 -55 -60 -64
44 49 43 34 26 29 30 24 20 9 10 14 11 12 16 28 29 19 12 2 1 1 1 1 3 4 4 4 1 7 12 19 20 16 -2 -4 -5 -4 -4 11 11 10 15 8 12 7 -1 -3 -7 -10 -10 -8 -7 -7 -18 -31 -33 -30 -29 -27 -32 -29 -32 -32 -32 -32 -32 -22 -37 -38 -37 -36 -35 -32 -30 -27 -26 -27 -28 -28 -30 -31 -32 -36 -42 -45 -46 -44 -42 -42 -43 -47 -50 -54 -61 -67
46 44 42 38 33 31 27 22 16 18 20 17 15 15 21 34 39 29 17 3 -2 2 1 1 0 1 1 2 4 14 15 10 -5 -7 -8 -10 -11 -11 -12 -9 -7 -4 -5 -8 -5 -3 -4 -7 -13 -15 -16 -17 -20 -19 -25 -32 -32 -32 -31 -32 -35 -39 -35 -29 -25 -23 -43 -38 -39 -35 -34 -36 -37 -34 -29 -27 -27 -27 -28 -29 -30 -30 -31 -36 -44 -46 -44 -40 -38 -40 -44 -49 -52 -55 -60 -63
44 42 40 38 31 30 27 21 18 20 17 16 13 14 14 22 26 23 17 4 1 1 -3 -1 2 3 5 10 8 5 -5 -6 -7 -8 -11 -13 -14 -15 -14 -14 -14 -10 -9 -10 -9 1 3 4 5 -14 -15 -18 -20 -20 -24 -28 -29 -32 -33 -40 -42 -45 -34 -24 -21 -32 -42 -39 -37 -34 -35 -39 -38 -35 -30 -29 -30 -30 -30 -31 -30 -29 -30 -37 -43 -44 -41 -38 -35 -38 -44 -49 -52 -58 -62 -61
42 40 40 32 34 28 19 21 20 22 26 20 11 9 11 7 17 11 4 3 2 4 3 5 0 3 12 6 4 -7 -8 -10 -12 -14 -14 -15 -14 -15 -15 -16 -16 -13 -13 -15 2 9 10 7 -4 -11 -13 -19 -20 -21 -24 -28 -32 -36 -39 -37 -45 -46 -33 -25 -27 -37 -43 -40 -36 -36 -40 -42 -40 -37 -34 -33 -34 -34 -33 -32 -33 -35 -35 -41 -43 -40 -38 -36 -34 -37 -44 -49 -51 -58 -64 -64
41 41 34 33 27 23 22 25 39 42 27 21 19 11 6 2 3 1 2 4 -1 -1 -1 -1 0 5 11 11 -10 -10 -11 -12 -14 -16 -17 -17 -15 -17 -18 -18 -19 -19 -19 -19 4 5 3 3 -11 -22 -29 -27 -22 -25 -32 -32 -40 -34 -47 -35 -26 -38 -38 -36 -36 -37 -40 -38 -35 -37 -39 -38 -39 -41 -41 -39 -40 -39 -37 -36 -40 -43 -44 -47 -44 -40 -36 -36 -37 -39 -45 -51 -55 -61 -65 -66
34 33 34 30 28 24 25 30 37 37 29 21 16 9 1 1 2 5 -1 -2 -2 -3 -2 -2 -2 -3 4 10 -10 -11 -12 -13 -14 -16 -18 -19 -18 -19 -21 -21 -22 -22 -23 -23 -20 -19 -11 -7 -17 -36 -31 -28 -29 -27 -37 -38 -46 -53 -45 -32 -39 -42 -42 -44 -36 -28 -28 -29 -37 -38 -36 -33 -35 -40 -42 -43 -45 -47 -48 -48 -47 -45 -45 -43 -41 -40 -41 -44 -45 -47 -49 -50 -56 -61 -66 -74
28 25 30 30 29 25 27 28 31 35 32 29 17 4 2 2 4 -1 -3 -5 -6 -6 -5 -4 -4 6 16 21 7 -13 -14 -14 -17 -15 -18 -20 -22 -23 -23 -24 -25 -25 -25 -23 -19 -22 -21 -24 -21 -23 -35 -32 -34 -37 -47 -48 -54 -54 -49 -51 -50 -41 -36 -32 -29 -25 -25 -16 -34 -37 -34 -32 -33 -37 -40 -46 -50 -54 -60 -56 -47 -42 -42 -39 -38 -41 -46 -49 -49 -51 -51 -52 -56 -60 -65 -74
27 27 28 29 29 29 28 30 35 32 31 27 11 2 2 4 -1 -3 -7 -9 -10 -10 -10 -9 -10 -12 -14 -15 -17 -20 -23 -18 -20 -21 -22 -23 -25 -25 -26 -26 -27 -28 -28 -29 -28 -28 -29 -32 -34 -37 -39 -37 -33 -35 -49 -56 -57 -59 -58 -61 -59 -54 -25 -21 -26 -28 -27 -28 -32 -32 -32 -31 -33 -38 -44 -54 -59 -62 -61 -51 -43 -41 -38 -36 -37 -39 -45 -47 -48 -50 -53 -53 -61 -67 -68 -69
25 24 23 22 24 28 28 34 32 28 27 20 13 5 4 -1 -3 -5 -8 -10 -10 -11 -11 -11 -12 -13 -14 -17 -18 -19 -21 -23 -24 -25 -26 -24 -27 -28 -27 -27 -28 -29 -30 -32 -33 -34 -36 -38 -39 -40 -41 -40 -39 -40 -49 -51 -54 -61 -58 -63 -60 -51 -20 -23 -29 -31 -30 -29 -29 -31 -33 -34 -36 -40 -49 -62 -69 -68 -61 -49 -45 -41 -37 -34 -33 -38 -44 -46 -51 -50 -52 -57 -67 -74 -73 -69
15 19 22 16 21 28 34 34 33 26 23 20 15 5 -1 -3 -4 -6 -10 -10 -11 -12 -12 -13 -14 -14 -15 -18 -20 -22 -23 -25 -26 -27 -28 -28 -28 -27 -23 -26 -29 -27 -32 -35 -36 -38 -38 -38 -42 -43 -43 -43 -46 -48 -53 -54 -58 -60 -60 -59 -53 -49 -38 -32 -25 -33 -37 -33 -28 -31 -34 -32 -36 -41 -44 -59 -72 -74 -73 -50 -45 -58 -38 -33 -33 -35 -42 -49 -48 -51 -53 -63 -70 -76 -81 -81
30 33 22 13 22 23 26 28 30 33 26 18 8 -1 -3 -5 -6 -7 -9 -11 -12 -12 -13 -14 -14 -14 -15 -17 -20 -22 -23 -23 -24 -28 -29 -20 -17 -21 -26 -27 -26 -30 -35 -37 -39 -40 -40 -38 -43 -46 -46 -49 -52 -51 -51 -57 -59 -60 -60 -55 -47 -45 -36 -36 -33 -37 -38 -34 -31 -35 -29 -29 -38 -41 -50 -68 -76 -77 -68 -57 -63 -75 -47 -33 -33 -37 -43 -51 -50 -55 -60 -69 -74 -81 -88 -89
26 22 12 13 16 15 14 20 23 26 27 15 6 -4 -5 -6 -7 -8 -10 -12 -12 -13 -13 -14 -13 -12 -11 -19 -17 -17 -22 -21 -24 -29 -28 -16 -19 -24 -28 -30 -29 -28 -33 -40 -41 -43 -44 -43 -45 -49 -49 -53 -57 -57 -56 -58 -60 -61 -58 -54 -48 -40 -36 -34 -38 -42 -42 -34 -34 -35 -32 -29 -40 -42 -59 -75 -76 -73 -64 -75 -80 -80 -40 -36 -42 -45 -48 -48 -50 -55 -64 -74 -78 -87 -96 -97
19 18 22 14 15 14 14 14 19 15 7 5 0 -4 -6 -7 -8 -9 -11 -14 -15 -16 -15 -15 -15 -14 -15 -2 3 -4 -11 -18 -24 -27 -28 -22 -23 -24 -21 -21 -27 -33 -37 -43 -42 -42 -46 -47 -38 -48 -54 -57 -59 -59 -60 -61 -62 -63 -63 -63 -58 -46 -43 -45 -43 -36 -36 -39 -32 -29 -37 -35 -34 -42 -59 -80 -84 -82 -80 -81 -78 -80 -54 -45 -46 -45 -50 -51 -49 -56 -68 -80 -86 -95 -104 -101
21 23 21 12 13 15 14 10 16 12 4 6 -1 -5 -7 -8 -9 -10 -12 -15 -17 -19 -20 -20 -19 -17 -7 -8 -7 -10 -17 -19 -20 -27 -31 -31 -27 -22 -24 -22 -37 -41 -42 -43 -43 -43 -45 -41 -33 -37 -52 -57 -61 -62 -62 -62 -61 -56 -48 -53 -63 -58 -53 -52 -48 -41 -41 -41 -34 -27 -39 -25 -33 -37 -52 -81 -87 -87 -83 -85 -72 -77 -77 -46 -42 -45 -50 -51 -55 -66 -80 -92 -96 -100 -103 -102
27 26 27 22 18 14 13 7 6 2 3 1 -3 -6 -7 -9 -10 -11 -13 -16 -18 -20 -22 -24 -23 -18 -14 -11 -10 -11 -15 -16 -22 -23 -34 -36 -31 -21 -21 -34 -37 -37 -39 -34 -40 -34 -29 -27 -32 -45 -40 -51 -61 -63 -62 -58 -57 -47 -43 -53 -64 -55 -45 -52 -44 -43 -45 -39 -44 -47 -47 -40 -37 -41 -49 -69 -82 -89 -87 -86 -85 -67 -70 -48 -43 -43 -61 -66 -72 -84 -95 -101 -102 -103 -103 -104
21 22 22 14 16 15 11 12 8 3 6 -1 -4 -6 -8 -9 -11 -10 -13 -17 -18 -21 -23 -25 -27 -25 -22 -16 -15 -13 -19 -20 -24 -26 -32 -37 -35 -27 -24 -34 -37 -36 -35 -34 -29 -28 -31 -37 -38 -42 -46 -52 -61 -63 -63 -60 -61 -51 -48 -61 -60 -50 -45 -44 -37 -37 -39 -48 -55 -55 -49 -42 -40 -47 -61 -73 -81 -89 -90 -82 -72 -53 -46 -48 -50 -50 -75 -83 -89 -98 -102 -103 -103 -104 -105 -106
7 13 18 20 17 15 17 14 15 4 5 0 -3 -7 -9 -10 -11 -13 -13 -17 -18 -21 -23 -26 -27 -25 -22 -22 -24 -22 -26 -26 -26 -25 -30 -38 -41 -40 -34 -36 -32 -29 -27 -30 -31 -34 -41 -40 -44 -47 -51 -55 -60 -64 -65 -65 -65 -65 -63 -60 -61 -56 -51 -48 -45 -54 -53 -57 -55 -49 -47 -43 -44 -53 -65 -66 -79 -90 -92 -71 -54 -45 -44 -52 -59 -71 -85 -94 -98 -103 -103 -103 -103 -105 -107 -108
