Clean_Data/Bathy/cascobay_gebco.asc
ncols        219
nrows        196
xllcorner    -70.429166666667
yllcorner    43.195833333333
cellsize     0.004166666667
NODATA_value -32767
[rows 42 to 83 of 196, columns 0 to 95 of 219]
97 91 99 98 97 92 86 69 70 69 68 77 99 115 89 85 102 120 131 130 127 132 123 124 101 95 94 116 134 134 135 126 108 79 71 67 65 76 89 96 115 97 81 77 61 52 41 43 44 31 34 36 33 36 31 35 31 31 33 32 38 38 37 42 36 20 21 17 14 20 34 38 44 66 66 45 45 46 25 16 13 9 14 21 24 17 17 18 26 34 22 16 5 4 1 -2
84 98 98 97 92 88 75 67 69 66 67 95 133 88 98 117 135 161 154 141 141 128 112 116 99 92 93 116 125 123 130 125 99 62 61 64 72 89 107 124 118 103 81 68 61 51 45 46 45 34 31 32 29 34 36 31 25 32 27 30 36 37 37 40 32 23 17 14 11 26 36 38 61 63 56 37 50 56 24 17 8 18 26 23 17 12 20 27 18 16 3 -1 12 -2 -4 -6
94 94 97 96 91 80 70 61 58 66 89 130 94 98 111 129 139 147 151 139 146 130 110 96 85 101 94 91 101 110 110 117 95 64 62 67 85 117 132 122 102 112 93 67 56 48 61 60 47 34 31 32 30 33 36 31 26 21 24 27 32 32 28 26 23 17 15 7 16 31 32 45 52 46 37 29 52 21 15 9 5 29 32 18 10 12 11 12 12 10 0 -2 -4 -6 -6 -6
89 93 90 86 79 77 68 59 60 68 95 89 92 115 126 138 135 157 172 144 129 117 97 85 87 97 95 89 88 94 98 101 99 65 60 79 100 130 116 97 91 101 84 69 57 55 61 54 44 35 28 35 31 29 30 30 27 26 24 24 28 38 49 24 15 15 5 9 25 26 36 50 41 28 24 23 23 10 7 3 18 37 32 21 3 3 2 13 13 12 -2 -3 -4 -5 -5 -5
83 82 78 76 76 66 60 65 72 67 76 82 86 112 133 141 144 150 158 139 123 110 92 84 84 85 92 93 89 90 97 95 72 54 66 90 103 95 87 94 85 80 70 66 56 58 58 47 45 36 28 29 31 28 31 38 30 24 25 25 35 41 40 36 13 13 10 23 28 35 46 42 28 23 18 16 21 3 -2 15 15 22 -1 0 0 -1 -1 9 12 11 -2 -4 6 -7 -7 -7
87 81 74 71 72 65 64 75 84 82 75 77 79 88 118 144 150 169 140 127 126 111 95 95 87 90 95 92 95 100 83 69 57 59 66 84 82 76 82 91 74 69 67 59 54 49 53 47 41 35 31 33 35 30 28 28 30 29 31 29 31 39 52 33 17 9 5 31 48 41 29 22 24 23 17 23 8 2 11 19 -3 -2 -1 -1 -1 -2 7 10 -5 -5 3 -6 -7 -8 -8 -8
69 77 70 66 65 57 67 82 85 81 77 76 75 81 126 147 122 150 140 127 145 114 101 95 88 91 78 74 72 71 63 53 64 71 73 70 70 65 76 74 69 68 62 60 52 51 49 41 35 28 34 37 34 31 30 29 28 26 26 29 31 40 32 26 15 7 7 40 54 38 17 22 28 27 20 11 6 2 8 9 -2 -2 -2 -2 -2 5 -2 -3 6 -5 -6 -7 -8 -9 10 9
84 86 73 62 61 63 79 86 85 86 83 79 71 79 120 147 126 131 135 127 121 127 118 112 93 87 78 57 45 45 46 58 73 70 65 60 53 58 72 68 69 66 61 56 47 51 47 38 30 27 28 28 33 39 39 36 29 25 24 30 31 27 22 21 15 7 15 32 38 21 13 30 41 21 13 8 16 8 -2 -3 -4 -4 -3 -3 -3 -2 -2 4 -1 -5 -8 -9 -9 -10 14 23
93 95 74 59 73 80 79 87 91 96 85 70 74 76 84 142 125 111 114 103 117 138 124 107 87 79 58 46 40 35 43 49 59 61 59 53 50 49 50 58 66 62 61 52 45 40 36 37 27 31 28 33 41 46 47 43 39 30 25 16 23 17 21 22 18 13 16 23 20 17 20 33 20 10 8 9 1 -1 -1 -5 -8 -7 -5 -4 -2 13 23 -5 -7 -9 -11 -10 -8 -7 9 -8
100 92 76 72 84 79 70 83 91 109 74 70 83 81 75 102 132 117 91 105 126 127 119 135 87 68 42 38 34 37 36 44 42 46 51 57 55 50 45 49 54 58 50 43 38 33 30 27 25 23 32 39 44 50 46 46 39 34 30 27 7 8 22 23 20 22 17 11 12 11 24 18 3 0 -1 -2 -4 -5 -3 -5 -7 -8 -7 -6 7 19 -4 -6 -9 -11 -12 -9 6 16 -5 -8
91 76 66 76 93 79 70 79 95 105 64 70 90 86 74 74 78 88 82 98 115 121 111 113 84 67 40 31 33 37 32 36 42 52 61 61 54 52 47 41 54 50 42 41 38 31 29 31 25 25 29 34 43 46 42 51 49 35 32 28 26 21 19 12 11 13 14 7 6 5 4 7 8 -7 -7 -7 -7 -5 -1 -3 -6 -9 -11 1 -7 -6 -6 -8 -9 -12 -14 4 12 -3 -4 -7
78 64 65 75 84 77 70 78 81 72 68 83 91 90 76 61 62 69 90 94 102 120 106 99 81 58 36 32 35 31 31 35 43 58 68 57 50 37 37 40 31 36 38 36 28 24 26 28 31 24 24 44 37 39 47 49 50 41 39 44 39 29 24 14 13 19 18 13 10 1 0 -3 -7 -11 -10 -9 -9 -10 -6 17 -6 -8 -9 -8 -7 -5 -7 -10 -13 -13 -12 5 10 -3 -7 -11
71 58 63 72 72 69 70 82 72 64 77 83 77 81 81 58 57 65 81 85 98 109 110 107 89 69 37 31 42 39 31 34 46 67 69 60 63 46 35 32 29 27 32 31 20 17 18 21 24 33 39 40 42 35 39 40 43 45 55 53 50 27 20 19 19 26 29 16 -1 -1 -1 -3 -5 -7 -9 -9 11 -8 6 25 28 -7 -9 -9 -10 6 -9 -11 -13 -13 -12 4 4 -9 -12 -15
61 74 78 76 66 71 70 71 66 60 76 83 74 82 86 67 57 57 76 81 92 101 111 116 94 71 38 38 35 37 37 48 56 68 76 80 70 47 32 31 27 22 24 19 22 19 17 21 21 24 33 45 48 40 37 37 46 53 59 53 19 15 13 16 24 31 3 -1 -3 -2 -1 -1 -1 -1 -6 7 -6 8 5 8 -4 -6 -9 -12 -14 10 -10 -11 -13 -13 -12 -12 -13 -14 -16 -18
77 90 89 73 56 59 71 68 69 59 72 82 84 88 79 75 58 57 61 78 82 96 106 104 103 89 57 32 34 33 44 57 72 74 86 80 57 44 35 31 30 21 18 15 14 20 30 32 33 30 36 41 47 38 30 34 49 62 49 13 10 13 12 19 24 21 11 -5 -6 -4 -2 5 -1 -1 -3 -4 -5 -5 -6 -7 -7 -7 -8 -12 -15 -16 -14 -12 -12 -12 -13 -14 -16 -17 -18 -18
81 93 87 60 60 65 65 67 83 62 76 88 97 87 90 78 64 57 58 72 73 88 105 122 109 93 72 39 34 42 60 70 74 81 83 74 53 50 45 37 23 15 18 21 19 29 41 55 47 42 38 38 41 43 29 27 35 25 14 8 12 28 21 14 7 1 -1 12 13 12 10 5 6 -2 -3 -4 -4 -5 -6 -8 -9 -10 -12 -14 -16 -17 -16 -12 -9 -11 -14 -17 -19 -20 -20 -19
88 90 83 61 58 65 78 65 61 61 69 91 100 114 100 87 80 58 68 68 74 92 110 122 120 103 81 43 27 41 68 64 72 79 76 56 55 48 44 26 17 13 20 16 23 44 54 50 51 48 46 39 39 32 39 37 15 8 3 -2 -3 21 18 -3 -3 -3 -3 12 27 16 9 -2 -3 -4 -4 -4 -5 -6 -8 -9 -11 -13 -15 -16 -17 -18 -18 -11 -5 7 -17 -18 -19 -20 -20 -19
87 84 76 58 60 70 83 73 63 65 72 86 100 100 83 72 72 57 61 68 81 91 108 120 126 120 107 54 30 37 59 55 74 85 59 56 56 53 37 22 13 13 22 29 42 60 61 67 56 61 51 37 30 26 47 51 19 2 -2 -4 11 12 -5 -5 -6 -5 -3 3 18 28 0 10 14 13 14 -6 -6 -7 -8 -9 -11 -14 -16 -17 -18 -19 -17 -13 -11 4 -15 9 -19 -19 -17 -13
81 75 65 59 66 80 84 64 61 69 72 77 93 85 81 88 81 57 57 66 77 80 99 114 135 139 134 83 34 28 38 50 65 69 55 47 53 43 27 14 14 21 25 38 51 58 60 63 64 64 53 41 25 43 46 39 5 -3 -5 -5 -6 -6 -6 -7 -8 -8 -4 8 18 22 10 16 23 -7 -7 -6 -6 -7 -6 3 -12 -15 -17 -18 -19 -19 -17 -15 -14 -14 -15 21 -19 -17 -14 8
69 68 63 59 61 70 72 58 55 69 72 73 72 90 97 78 64 58 67 77 77 71 85 125 135 126 125 97 56 34 26 35 61 50 46 50 41 30 16 21 22 26 33 53 54 52 54 62 66 58 48 22 42 55 34 16 3 -4 -5 -4 -6 -7 -7 -7 -9 2 18 26 16 -1 8 24 -5 -6 -6 -5 -4 9 12 -1 -13 -16 -17 -18 -20 -21 -16 -15 -14 -15 11 -12 -26 -20 3 12
69 62 55 55 60 69 58 48 57 64 74 72 84 105 104 75 59 59 76 80 75 77 108 132 125 122 108 96 84 52 28 24 39 38 34 30 29 17 20 26 30 29 36 52 49 48 52 61 63 62 29 39 45 43 33 17 4 -3 -5 -6 -6 -8 -10 -12 3 12 12 27 18 -5 -8 -5 -3 -4 -3 -2 -2 5 17 12 -12 -13 -13 -15 -17 -19 -23 -22 -22 2 -26 -19 -16 -13 15 10
60 53 50 58 60 51 45 46 53 65 74 74 75 82 110 79 61 65 71 79 78 84 125 140 129 126 103 95 88 72 39 29 27 25 26 24 18 19 31 37 40 43 47 51 47 45 46 47 46 31 39 41 47 51 54 34 16 -3 -6 -6 -7 -8 -9 -11 -11 -10 15 -7 -6 -6 -6 -4 9 12 22 17 8 11 22 -10 -13 -13 -13 -15 -18 -21 -25 -23 13 -18 -18 -15 -13 8 21 7
53 46 54 58 50 40 41 45 50 77 77 79 74 76 95 71 68 65 62 69 77 94 121 126 109 113 113 107 93 78 43 22 22 22 21 13 22 31 37 41 44 44 50 55 56 45 44 39 27 22 40 30 49 56 45 39 2 -4 2 7 -6 -7 -9 -10 -10 -9 -8 -7 -7 -8 -7 -2 12 28 40 37 28 14 -8 -12 -15 -13 -10 -13 -17 -21 -30 1 -16 -10 -11 -11 -10 11 -9 10
40 46 53 49 50 41 45 56 54 74 100 80 82 68 64 64 69 62 61 67 79 94 108 110 97 89 100 106 83 76 42 25 18 13 15 21 33 35 41 47 45 43 47 47 48 49 41 33 17 29 25 35 53 45 34 17 -1 -7 4 -7 -7 -8 -9 -10 -10 -10 -10 -11 -12 -10 -6 17 27 41 55 51 38 4 -4 -9 -13 -12 -11 1 -18 -23 -25 -22 -16 -12 -11 -10 5 -9 -8 -9
41 37 56 53 38 30 44 62 67 67 103 81 72 55 46 54 63 60 52 63 76 92 96 97 86 82 79 79 78 62 39 27 19 12 14 31 40 42 46 47 49 49 51 49 42 37 35 20 17 16 28 37 41 35 14 3 -3 -7 -8 -9 -10 -10 3 -10 -10 -10 -11 -12 -11 -7 -2 13 34 48 60 52 31 4 -4 -10 -12 -10 -8 -11 -16 -21 -25 -25 -21 -16 2 -9 -8 -7 -7 -8
39 38 54 50 31 26 31 57 63 49 55 58 46 39 45 62 60 54 44 56 66 77 87 88 80 81 72 66 69 48 26 20 12 10 24 35 39 41 47 60 60 58 55 51 37 30 19 19 16 21 35 36 27 12 4 -4 -6 -7 -8 -9 -13 -12 -12 -11 -10 -9 -10 -11 -9 -5 11 30 45 53 45 38 6 6 -11 -14 -13 1 -1 -8 -14 -20 -28 -30 -29 -21 -10 -8 -7 -6 -5 -6
45 40 31 45 32 26 31 49 66 55 41 39 35 58 82 84 65 53 44 56 71 78 73 71 77 74 62 50 46 26 12 14 24 29 19 37 37 43 49 58 57 46 48 44 32 16 15 16 17 18 29 26 15 3 -3 -9 -11 -12 -14 -16 -13 -13 -12 -12 -12 -13 -12 -11 -8 4 16 34 44 39 32 18 14 -12 -21 -22 4 -21 -22 -18 -17 -21 -29 -35 -39 -33 -26 -15 4 -1 0 4
46 42 40 30 34 37 36 49 54 53 42 31 39 71 83 90 70 54 37 60 75 69 65 60 65 65 47 33 21 13 19 27 37 37 31 23 21 35 44 50 44 33 37 32 13 15 15 12 16 14 20 3 -2 -4 -6 -9 -11 6 -15 -15 -14 -13 -13 -13 -13 -14 -13 -11 -8 1 13 35 30 22 14 2 -7 -17 -20 -22 -22 -20 -17 -13 -12 -15 -25 -34 -40 -35 -26 -15 -5 3 3 5
47 41 37 42 35 39 44 46 57 56 42 29 38 63 78 81 78 52 32 60 67 71 60 51 46 39 21 13 12 17 24 34 43 54 45 39 40 36 18 27 34 26 18 11 4 11 14 12 21 13 5 0 -5 -7 -8 -9 6 -13 -14 -15 -13 -13 -14 -14 -14 -14 -12 -9 -1 -3 -5 -1 7 15 11 -2 -8 -13 -17 -19 -18 -14 4 -3 -4 -7 -20 -32 -39 -34 -25 -14 -3 2 7 16
54 47 45 30 28 30 41 55 59 55 38 28 33 55 63 62 63 46 27 52 65 64 52 38 27 18 14 17 13 21 30 40 44 50 55 49 47 47 44 38 23 13 17 13 7 6 11 36 28 13 13 -1 -6 -8 -9 1 -11 -13 -14 -14 -14 -15 -15 -16 -16 -15 5 14 4 -6 -6 -4 2 14 -3 -6 -10 -15 -18 -18 -16 -13 -9 2 -8 -12 -22 -30 -34 -29 -21 -12 -4 0 -1 -5
53 51 52 52 36 34 31 53 55 47 37 28 31 60 66 70 60 50 28 39 51 51 47 25 21 10 20 21 21 23 32 46 42 42 46 47 38 46 52 40 27 21 8 8 2 5 13 22 32 22 17 -2 -7 -8 -9 -10 -12 -13 -13 -14 -15 -16 -17 -17 -17 3 4 8 -10 -8 -8 -8 18 -5 -7 13 -12 -16 -21 1 3 -11 -8 -8 4 -15 -25 -32 -33 3 -17 -11 -6 -2 -5 -10
56 49 53 58 39 29 29 33 40 38 40 39 27 43 60 60 66 48 32 26 32 31 22 18 16 12 27 22 22 20 28 38 41 36 38 35 31 40 32 32 28 22 9 6 5 9 11 10 10 22 18 -2 -6 -8 -9 -10 -12 -13 -13 -13 -17 -18 -18 -18 -16 -13 -11 -8 6 7 -9 -12 -12 2 14 19 -11 -10 7 20 -9 -8 -6 -7 -8 -12 -30 -34 -34 -23 -10 -10 -11 -11 -9 -10
58 55 62 68 52 34 44 35 32 36 45 40 31 47 54 66 70 50 36 27 18 20 25 18 13 18 25 24 23 23 27 29 31 29 30 36 27 27 30 31 21 11 7 4 8 11 10 1 1 0 5 -4 -5 -7 -8 -10 -12 -15 -16 -18 -19 -19 -18 -18 -17 -16 -11 4 17 31 7 -11 -15 6 -17 -15 -11 13 17 -8 -9 -9 -10 -9 -9 -9 -15 -24 -29 -27 -22 -20 -18 -15 -13 -14
66 64 62 53 38 33 29 28 36 35 29 24 26 32 54 74 72 54 26 27 25 24 23 18 14 22 21 26 33 34 33 37 34 29 25 27 32 27 31 40 29 10 5 2 9 10 0 -1 -2 -4 -4 -5 -5 -6 -7 -8 -12 -16 -18 -21 -21 -20 -18 -16 -16 -15 6 7 26 -4 -6 -12 -17 -20 -21 -20 2 12 -8 3 2 -10 -14 -12 -10 -7 -1 -16 -28 -32 -33 -30 -27 -24 -18 -11
62 64 55 51 37 37 38 36 35 34 34 32 29 33 41 64 48 41 28 24 23 23 21 16 16 26 24 23 25 30 33 33 36 30 26 26 21 30 46 42 20 9 3 -1 -2 -1 -1 -1 -2 -7 -5 -5 -6 -6 -7 -8 -9 -11 5 -15 -25 -23 -19 -15 6 10 16 13 -9 -11 -14 -18 -22 -25 -22 17 11 -7 -9 -5 -2 -4 -7 -11 -15 -17 -16 -26 -38 -40 -41 -38 -36 -34 -34 -37
58 58 51 50 41 42 38 34 35 36 44 41 28 33 35 38 36 31 21 16 15 13 11 15 19 24 23 20 21 29 34 34 34 33 33 25 23 18 28 25 13 5 4 8 -2 -2 12 20 -4 -7 -6 -6 -6 -5 -5 4 7 -8 -12 -18 -23 6 10 14 17 16 11 -8 -11 -15 -18 -22 -25 -25 -21 12 -9 -3 -4 -2 -2 6 -9 -13 -18 -21 -23 -28 -33 -37 -40 -41 -40 -39 -37 -33
53 51 53 48 48 37 35 39 39 40 32 31 26 25 35 32 31 22 21 19 19 22 21 21 20 21 23 25 29 25 29 35 40 35 31 26 23 16 18 13 9 7 7 -3 -2 -2 -2 -3 -4 -5 -6 -6 -5 -4 3 15 25 7 -12 -21 -24 7 22 26 26 17 -2 -8 -16 -20 -22 -25 -26 -26 1 -15 -11 -9 -7 -4 10 -6 -12 -17 -21 -24 -25 -26 -29 -35 -40 -43 -43 -42 -36 -29
51 47 50 59 45 39 36 37 35 40 31 28 28 28 30 29 23 17 20 24 26 36 30 22 22 25 21 22 32 39 40 43 41 32 24 20 14 8 8 4 6 11 9 -5 -3 -1 -2 -4 -3 -3 -5 -5 -5 5 17 25 20 27 -11 -25 -26 -22 6 17 12 6 -1 -8 -23 -25 -26 -26 -27 -27 -20 -12 -14 -15 -15 19 25 -9 -17 -22 -26 -28 -27 -25 -24 -34 -44 -46 -46 -44 -36 -27
55 47 50 44 35 33 36 34 37 40 34 29 29 24 21 19 21 24 22 28 27 22 24 25 28 30 22 22 20 25 28 37 43 40 23 16 11 -7 -7 -7 -8 -9 -9 -9 -5 -2 -2 -7 -3 -4 -5 -5 -5 7 19 28 37 2 -2 -10 -28 -24 2 -6 -4 4 -11 -20 -24 -26 -26 -26 -24 -21 -21 -22 -23 -24 5 23 -8 -14 -22 -26 -30 -33 -36 -32 -30 -37 -46 -46 -45 -43 -41 -40
62 55 45 39 34 35 33 26 40 33 30 30 30 29 31 29 27 29 23 31 34 20 20 21 30 24 17 18 16 16 22 25 35 31 22 15 8 -13 -10 -9 2 10 18 13 -1 -2 -6 -6 -8 -8 -6 -4 -3 -2 6 9 2 10 23 -12 -23 -23 -20 -16 -16 -18 -20 -23 -25 -26 -27 -27 -26 -24 -24 -23 -22 -20 -15 -14 -16 -20 -24 -28 -32 -35 -35 -33 -33 -38 -43 -43 -40 -39 -41 -43
62 56 48 41 42 38 31 29 32 28 29 31 26 27 32 28 25 22 30 36 36 21 22 19 17 18 19 11 13 13 19 24 33 39 24 13 9 6 -9 -7 3 4 32 42 26 -1 -6 -8 -8 -9 -5 -5 8 13 -1 0 3 14 22 -14 -22 -24 -23 -23 -24 -26 -25 -25 -24 -26 -28 -28 -28 -28 -26 -24 -19 1 -8 -16 -25 -26 -27 -30 -33 -35 -33 -34 -35 -41 -46 -40 -32 -25 -37 -48
63 54 41 48 46 37 26 25 24 27 28 38 36 28 25 21 19 21 27 31 31 22 18 23 25 19 14 11 3 13 21 28 27 25 17 17 17 9 3 2 3 4 17 29 13 -10 -7 -10 -11 -8 -16 1 -4 -3 -4 -3 11 19 29 8 -18 -22 -24 -25 -27 -29 -27 -26 -26 -27 -29 -29 -29 -28 -25 -21 -17 -14 -15 -21 -28 -30 -31 -32 -34 -36 -37 -39 -42 -44 -44 -38 -31 -28 -33 -38
